COMBINED

=== OVERALL STATS.CSV ===
elev,N,count,median,p25,p75
8,0,45,0.606,0.552,0.722
8,2,38,0.67,0.533,0.75
8,3,24,0.685,0.595,0.812
8,5,28,0.596,0.547,0.847
8,6,58,0.638,0.481,0.757
8,7,44,0.601,0.504,0.772
8,8,160,0.404,0.239,0.622
13,0,58,0.615,0.5,0.728
13,2,72,0.683,0.516,0.802
13,3,39,0.652,0.513,0.705
13,5,54,0.639,0.55,0.781
13,6,103,0.637,0.532,0.818
13,7,55,0.579,0.448,0.701
13,8,340,0.349,0.2,0.527
18,0,112,0.682,0.611,0.804
18,1,5,0.743,0.617,0.756
18,2,115,0.701,0.622,0.786
18,3,112,0.685,0.615,0.778
18,5,104,0.714,0.614,0.808
18,6,208,0.677,0.543,0.806
18,7,125,0.555,0.43,0.779
18,8,719,0.327,0.2,0.497
23,0,129,0.782,0.706,0.918
23,1,14,0.762,0.689,0.866
23,2,112,0.781,0.697,0.857
23,3,101,0.746,0.675,0.86
23,5,134,0.784,0.691,0.862
23,6,222,0.753,0.548,0.885
23,7,87,0.675,0.417,0.823
23,8,472,0.359,0.218,0.552
28,0,139,0.905,0.758,1.005
28,2,92,0.886,0.781,1.013
28,3,57,0.847,0.78,0.907
28,5,63,0.87,0.783,0.955
28,6,115,0.807,0.606,0.938
28,7,67,0.682,0.477,0.845
28,8,250,0.391,0.244,0.582
33,0,220,0.939,0.85,1.019
33,1,6,0.957,0.875,1.018
33,2,140,0.933,0.871,1.018
33,3,81,0.9,0.829,0.995
33,5,73,0.929,0.84,0.991
33,6,137,0.89,0.673,0.976
33,7,71,0.607,0.361,0.85
33,8,244,0.381,0.223,0.602
38,0,46,0.866,0.83,0.975
38,2,61,0.897,0.836,0.97
38,3,27,0.888,0.837,0.943
38,5,55,0.912,0.78,0.955
38,6,63,0.808,0.571,0.912
38,7,41,0.639,0.316,0.859
38,8,153,0.335,0.23,0.627
43,0,43,0.881,0.842,0.922
43,1,8,0.938,0.821,1.067
43,2,67,0.869,0.847,0.969
43,3,39,0.889,0.835,0.964
43,5,45,0.889,0.837,0.978
43,6,62,0.889,0.738,0.999
43,7,32,0.606,0.388,0.88
43,8,142,0.371,0.206,0.603
48,0,86,0.902,0.829,0.969
48,1,12,0.922,0.844,1.016
48,2,80,0.919,0.867,0.972
48,3,43,0.917,0.869,0.963
48,5,46,0.9,0.84,0.958
48,6,88,0.953,0.784,1.044
48,7,36,0.716,0.48,0.994
48,8,117,0.345,0.237,0.746
53,0,103,0.948,0.891,0.999
53,1,17,0.945,0.884,1.022
53,2,126,0.933,0.882,0.972
53,3,72,0.932,0.887,0.973
53,5,123,0.937,0.871,0.994
53,6,140,0.939,0.83,0.998
53,7,50,0.839,0.472,0.935
53,8,88,0.48,0.199,0.902
58,0,39,0.906,0.85,0.985
58,1,9,0.992,0.986,1.005
58,2,75,0.964,0.896,1.013
58,3,42,0.929,0.865,1.01
58,5,39,0.973,0.889,1.028
58,6,54,0.959,0.894,1.027
58,7,30,0.832,0.413,0.96
58,8,59,0.356,0.2,0.71
63,0,34,0.928,0.846,0.993
63,1,7,0.883,0.861,1.026
63,2,50,0.911,0.856,0.992
63,3,21,0.941,0.861,0.967
63,5,33,0.916,0.845,0.965
63,6,44,0.91,0.845,1.016
63,7,21,0.827,0.627,0.99
63,8,39,0.315,0.217,0.62

=== SEASONAL COLD ===
elev,N,count,median,p25,p75
8,0,31,0.635,0.573,0.778
8,2,29,0.706,0.564,0.755
8,3,20,0.685,0.603,0.814
8,5,24,0.608,0.56,0.863
8,6,46,0.66,0.481,0.81
8,7,42,0.601,0.492,0.772
8,8,148,0.409,0.266,0.622
13,0,35,0.645,0.504,0.809
13,2,61,0.702,0.557,0.822
13,3,25,0.682,0.546,0.802
13,5,38,0.683,0.566,0.797
13,6,70,0.682,0.567,0.874
13,7,41,0.657,0.493,0.793
13,8,278,0.332,0.199,0.511
18,0,38,0.734,0.665,0.819
18,2,61,0.749,0.662,0.813
18,3,63,0.692,0.624,0.795
18,5,55,0.761,0.67,0.847
18,6,148,0.693,0.57,0.828
18,7,99,0.555,0.426,0.775
18,8,620,0.315,0.194,0.473
23,0,45,0.747,0.698,0.831
23,2,37,0.824,0.722,0.895
23,3,17,0.686,0.616,0.784
23,5,54,0.82,0.735,0.903
23,6,96,0.809,0.714,0.97
23,7,59,0.59,0.416,0.84
23,8,284,0.336,0.211,0.482
28,0,39,0.835,0.758,0.9
28,2,37,0.834,0.776,0.887
28,3,44,0.832,0.78,0.889
28,5,49,0.867,0.783,0.932
28,6,80,0.801,0.666,0.897
28,7,51,0.681,0.477,0.866
28,8,195,0.407,0.253,0.576
33,0,38,0.848,0.779,0.947
33,2,33,0.906,0.802,0.994
33,3,26,0.93,0.829,0.994
33,5,28,0.918,0.832,0.977
33,6,55,0.907,0.725,0.975
33,7,33,0.516,0.337,0.744
33,8,139,0.46,0.267,0.695
38,0,11,0.835,0.803,0.973
38,2,22,0.901,0.82,0.971
38,3,14,0.89,0.766,0.935
38,5,28,0.899,0.762,0.95
38,6,27,0.738,0.501,0.824
38,7,22,0.675,0.589,0.859
38,8,103,0.33,0.218,0.529
43,2,9,0.918,0.842,1.053
43,6,8,1.043,1.02,1.059
43,7,5,0.855,0.834,0.88
43,8,34,0.427,0.224,0.656

=== SEASONAL WARM ===
elev,N,count,median,p25,p75
8,0,14,0.568,0.487,0.606
8,2,9,0.603,0.524,0.65
8,6,12,0.569,0.501,0.655
8,8,12,0.283,0.165,0.626
13,0,23,0.525,0.478,0.664
13,2,11,0.513,0.45,0.61
13,3,14,0.542,0.486,0.666
13,5,16,0.551,0.501,0.664
13,6,33,0.559,0.474,0.656
13,7,14,0.46,0.36,0.52
13,8,62,0.417,0.254,0.578
18,0,74,0.669,0.605,0.769
18,2,54,0.634,0.601,0.728
18,3,49,0.684,0.612,0.776
18,5,49,0.656,0.578,0.764
18,6,60,0.639,0.516,0.743
18,7,26,0.594,0.458,0.798
18,8,99,0.421,0.241,0.602
23,0,84,0.826,0.72,0.933
23,1,13,0.781,0.695,0.866
23,2,75,0.759,0.696,0.826
23,3,84,0.747,0.691,0.894
23,5,80,0.745,0.679,0.83
23,6,126,0.673,0.455,0.839
23,7,28,0.684,0.44,0.811
23,8,188,0.413,0.23,0.698
28,0,100,0.964,0.845,1.026
28,2,55,0.963,0.839,1.027
28,3,13,1.005,0.862,1.031
28,5,14,0.886,0.795,0.962
28,6,35,0.841,0.434,1.032
28,7,16,0.682,0.517,0.845
28,8,55,0.353,0.218,0.621
33,0,182,0.949,0.882,1.039
33,2,107,0.937,0.873,1.029
33,3,55,0.892,0.82,1.006
33,5,45,0.941,0.862,1.016
33,6,82,0.876,0.621,0.98
33,7,38,0.681,0.502,0.864
33,8,105,0.301,0.182,0.464
38,0,35,0.866,0.832,0.984
38,2,39,0.897,0.84,0.97
38,3,13,0.884,0.862,0.943
38,5,27,0.918,0.842,0.961
38,6,36,0.876,0.717,0.982
38,7,19,0.392,0.224,0.925
38,8,50,0.344,0.27,0.728
43,0,43,0.881,0.842,0.922
43,1,8,0.938,0.821,1.067
43,2,58,0.869,0.849,0.934
43,3,36,0.895,0.845,0.964
43,5,43,0.889,0.837,0.978
43,6,54,0.868,0.636,0.916
43,7,27,0.495,0.368,0.784
43,8,108,0.354,0.204,0.602
48,0,86,0.902,0.829,0.969
48,1,12,0.922,0.844,1.016
48,2,80,0.919,0.867,0.972
48,3,43,0.917,0.869,0.963
48,5,46,0.9,0.84,0.958
48,6,88,0.953,0.784,1.044
48,7,36,0.716,0.48,0.994
48,8,117,0.345,0.237,0.746
53,0,103,0.948,0.891,0.999
53,1,17,0.945,0.884,1.022
53,2,126,0.933,0.882,0.972
53,3,72,0.932,0.887,0.973
53,5,123,0.937,0.871,0.994
53,6,140,0.939,0.83,0.998
53,7,50,0.839,0.472,0.935
53,8,88,0.48,0.199,0.902
58,0,39,0.906,0.85,0.985
58,1,9,0.992,0.986,1.005
58,2,75,0.964,0.896,1.013
58,3,42,0.929,0.865,1.01
58,5,39,0.973,0.889,1.028
58,6,54,0.959,0.894,1.027
58,7,30,0.832,0.413,0.96
58,8,59,0.356,0.2,0.71
63,0,34,0.928,0.846,0.993
63,1,7,0.883,0.861,1.026
63,2,50,0.911,0.856,0.992
63,3,21,0.941,0.861,0.967
63,5,33,0.916,0.845,0.965
63,6,44,0.91,0.845,1.016
63,7,21,0.827,0.627,0.99
63,8,39,0.315,0.217,0.62

=== MONTHLY 01 ===
elev,N,count,median,p25,p75
13,2,11,0.68,0.558,0.715
13,5,14,0.63,0.561,0.776
13,6,17,0.617,0.55,0.689
13,7,5,0.579,0.468,0.659
13,8,43,0.359,0.197,0.539
18,0,14,0.773,0.628,0.814
18,2,21,0.779,0.702,0.824
18,3,35,0.684,0.624,0.763
18,5,27,0.779,0.711,0.868
18,6,28,0.695,0.561,0.839
18,7,31,0.589,0.427,0.779
18,8,232,0.33,0.214,0.472
23,8,32,0.296,0.197,0.393

=== MONTHLY 02 ===
elev,N,count,median,p25,p75
8,0,8,0.77,0.682,0.841
8,2,5,0.747,0.461,0.751
8,3,5,0.68,0.661,0.812
8,5,8,0.586,0.536,0.847
8,6,11,0.75,0.62,0.953
8,7,12,0.721,0.518,0.959
8,8,50,0.385,0.24,0.615
18,6,14,0.541,0.477,0.581
18,8,24,0.5,0.238,0.623
23,0,22,0.744,0.719,0.782
23,2,11,0.683,0.356,0.844
23,3,6,0.581,0.423,0.778
23,5,33,0.805,0.735,0.869
23,6,35,0.8,0.687,0.848
23,7,28,0.492,0.416,0.795
23,8,147,0.348,0.238,0.465
28,0,9,0.831,0.78,0.844
28,2,17,0.804,0.736,0.838
28,3,17,0.828,0.78,0.859
28,5,24,0.824,0.774,0.926
28,6,38,0.78,0.583,0.859
28,7,27,0.642,0.383,0.831
28,8,93,0.414,0.266,0.582
33,8,11,0.507,0.4,0.716

=== MONTHLY 03 ===
elev,N,count,median,p25,p75
8,0,16,0.588,0.545,0.618
8,2,13,0.621,0.533,0.706
8,3,7,0.604,0.545,0.697
8,5,9,0.578,0.547,0.62
8,6,17,0.604,0.481,0.739
8,7,18,0.543,0.492,0.719
8,8,54,0.417,0.285,0.587
13,0,13,0.588,0.457,0.82
13,2,21,0.647,0.448,0.809
13,3,5,0.705,0.489,0.86
13,5,7,0.665,0.48,0.927
13,6,12,0.615,0.577,0.913
13,7,13,0.578,0.493,0.657
13,8,40,0.365,0.21,0.599
18,0,7,0.711,0.563,0.819
18,2,8,0.866,0.721,0.954
18,3,9,0.728,0.656,0.976
18,5,6,0.781,0.585,0.967
18,6,21,0.768,0.623,0.877
18,7,11,0.555,0.413,0.746
18,8,62,0.36,0.231,0.47
23,8,5,0.205,0.162,0.366
28,0,6,0.84,0.708,0.914
28,3,6,0.818,0.793,0.905
28,6,9,0.739,0.459,0.856
28,7,6,0.752,0.739,0.758
28,8,34,0.429,0.256,0.535
33,0,35,0.828,0.773,0.947
33,2,19,0.881,0.802,1.001
33,3,23,0.885,0.818,0.985
33,5,16,0.915,0.835,0.991
33,6,32,0.881,0.769,0.976
33,7,23,0.512,0.276,0.698
33,8,96,0.458,0.265,0.706
38,0,11,0.835,0.803,0.973
38,2,17,0.844,0.817,0.965
38,3,10,0.87,0.75,0.935
38,5,23,0.903,0.764,0.95
38,6,27,0.738,0.501,0.824
38,7,22,0.675,0.589,0.859
38,8,92,0.346,0.242,0.611
43,2,9,0.918,0.842,1.053
43,6,8,1.043,1.02,1.059
43,7,5,0.855,0.834,0.88
43,8,34,0.427,0.224,0.656

=== MONTHLY 04 ===
elev,N,count,median,p25,p75
13,0,9,0.635,0.525,0.691
13,2,5,0.61,0.475,0.648
13,3,5,0.557,0.512,0.633
13,5,7,0.517,0.405,0.688
13,6,25,0.574,0.503,0.679
13,7,14,0.46,0.36,0.52
13,8,47,0.411,0.215,0.578
18,2,14,0.66,0.601,0.727
18,3,5,0.652,0.554,0.692
18,5,5,0.734,0.583,0.735
18,8,40,0.335,0.224,0.535
23,0,18,0.912,0.753,0.996
23,2,6,0.714,0.508,0.999
23,3,14,0.97,0.925,0.993
23,6,6,0.664,0.446,0.989
23,7,6,0.719,0.556,0.842
23,8,59,0.398,0.217,0.65
28,0,16,0.953,0.215,1.037
28,2,9,0.942,0.481,1.011
28,6,14,0.696,0.434,1.034
28,8,40,0.362,0.244,0.615
38,3,5,0.876,0.837,0.884
38,5,9,0.916,0.842,0.934
38,6,14,0.861,0.644,0.97
38,7,6,0.469,0.232,0.786
38,8,34,0.344,0.27,0.652
43,0,10,0.887,0.862,0.907
43,2,18,0.863,0.849,0.876
43,3,9,0.906,0.864,0.964
43,5,23,0.88,0.845,0.946
43,6,32,0.859,0.533,0.913
43,7,13,0.372,0.313,0.715
43,8,81,0.384,0.191,0.656
48,0,20,0.974,0.927,1.025
48,2,13,1.0,0.957,1.033
48,3,8,0.852,0.823,0.93
48,5,10,0.995,0.935,1.033
48,6,29,1.024,0.954,1.053
48,7,9,0.587,0.433,0.733
48,8,54,0.335,0.236,0.777
53,0,12,0.954,0.922,1.006
53,3,7,0.973,0.913,1.023
53,5,5,1.024,1.019,1.046
53,7,7,0.518,0.473,0.936
53,8,30,0.49,0.255,0.881

=== MONTHLY 05 ===
elev,N,count,median,p25,p75
18,0,17,0.676,0.609,0.726
18,2,7,0.665,0.631,0.8
18,3,7,0.648,0.602,0.763
18,5,14,0.645,0.592,0.764
18,6,16,0.61,0.485,0.779
18,7,12,0.601,0.424,0.806
18,8,34,0.542,0.404,0.697
23,2,14,0.69,0.659,0.774
23,3,10,0.717,0.685,0.778
23,5,8,0.732,0.679,0.794
23,6,22,0.667,0.448,0.805
23,8,38,0.347,0.218,0.599
28,0,10,0.958,0.144,1.019
28,2,6,1.006,0.19,1.032
33,0,31,1.008,0.93,1.06
33,2,18,1.002,0.928,1.046
33,3,18,0.991,0.892,1.065
33,5,7,1.028,0.929,1.054
33,6,33,0.858,0.532,1.004
33,7,11,0.801,0.518,1.002
33,8,47,0.301,0.174,0.383
48,0,16,0.887,0.855,0.974
48,2,17,0.903,0.856,0.936
48,3,14,0.916,0.873,0.962
48,5,9,0.95,0.895,0.972
48,6,20,0.878,0.776,0.957
48,7,14,0.788,0.405,0.996
48,8,30,0.264,0.192,0.586
53,0,21,0.952,0.934,1.009
53,2,14,0.947,0.928,1.008
53,3,7,0.923,0.861,0.942
53,5,18,0.929,0.851,0.955
53,6,34,0.943,0.858,0.974
53,7,5,0.405,0.302,0.472
53,8,11,0.665,0.306,0.945
58,0,9,0.986,0.916,0.987
58,2,22,1.004,0.956,1.022
58,3,14,0.986,0.93,1.013
58,5,18,1.015,0.95,1.054
58,6,32,0.956,0.894,1.014
58,7,19,0.547,0.314,0.981
58,8,37,0.586,0.27,0.839

=== MONTHLY 06 ===
elev,N,count,median,p25,p75
23,0,15,0.733,0.691,0.815
23,2,28,0.751,0.703,0.867
23,3,20,0.715,0.643,0.78
23,5,12,0.767,0.72,0.871
23,6,30,0.707,0.455,0.882
23,7,8,0.669,0.379,0.877
23,8,30,0.477,0.349,0.816
33,0,60,0.976,0.904,1.038
33,2,30,0.987,0.853,1.04
33,3,12,0.901,0.713,0.934
33,5,10,0.891,0.696,0.926
33,6,9,0.966,0.932,1.017
33,7,15,0.507,0.312,0.853
33,8,37,0.328,0.183,0.503
53,0,14,0.891,0.881,0.948
53,1,7,0.889,0.875,0.945
53,2,39,0.913,0.88,0.952
53,3,16,0.939,0.903,0.965
53,5,31,0.941,0.866,0.979
53,6,45,0.912,0.826,0.965
53,7,20,0.896,0.87,0.97
53,8,26,0.354,0.153,0.902
63,0,27,0.923,0.826,0.989
63,1,5,0.87,0.861,0.883
63,2,36,0.912,0.864,1.005
63,3,21,0.941,0.861,0.967
63,5,26,0.919,0.859,0.965
63,6,37,0.912,0.835,1.008
63,7,15,0.827,0.535,0.936
63,8,29,0.289,0.217,0.424

=== MONTHLY 07 ===
elev,N,count,median,p25,p75
23,0,14,0.716,0.644,0.78
23,1,9,0.781,0.709,0.862
23,2,19,0.76,0.707,0.796
23,3,20,0.716,0.68,0.806
23,5,38,0.715,0.671,0.822
23,6,41,0.685,0.476,0.781
23,7,6,0.459,0.377,0.736
23,8,31,0.351,0.23,0.672
33,0,68,0.932,0.885,1.049
33,2,45,0.925,0.873,1.016
33,3,13,0.88,0.856,0.93
33,5,15,0.942,0.746,1.038
33,6,30,0.77,0.57,0.955
33,7,10,0.819,0.654,0.861
33,8,11,0.21,0.182,0.252
53,0,19,0.88,0.84,0.909
53,2,32,0.88,0.868,0.956
53,3,25,0.902,0.868,0.944
53,5,54,0.911,0.871,0.956
53,6,45,0.939,0.856,1.001
53,7,13,0.68,0.511,0.91
53,8,18,0.219,0.102,0.81
58,0,30,0.89,0.85,0.947
58,1,9,0.992,0.986,1.005
58,2,42,0.932,0.893,1.001
58,3,28,0.912,0.86,1.01
58,5,18,0.919,0.889,1.009
58,6,21,0.997,0.916,1.034
58,7,8,0.921,0.879,1.033
58,8,17,0.2,0.176,0.275
63,0,7,0.953,0.872,1.018
63,2,14,0.899,0.856,0.992
63,6,7,0.9,0.848,1.016
63,8,7,0.796,0.308,0.87

=== MONTHLY 08 ===
elev,N,count,median,p25,p75
13,0,6,0.662,0.52,0.678
13,3,6,0.655,0.527,0.669
13,8,8,0.439,0.403,0.581
18,0,35,0.633,0.592,0.683
18,2,20,0.635,0.617,0.726
18,3,25,0.648,0.596,0.74
18,5,24,0.658,0.578,0.778
18,6,23,0.655,0.491,0.743
18,7,7,0.515,0.458,0.636
18,8,14,0.307,0.167,0.409
23,0,10,0.9,0.844,0.935
23,3,10,0.746,0.668,0.853
23,5,9,0.69,0.672,0.745
23,6,7,0.761,0.427,0.934
23,8,10,0.413,0.237,0.736
28,0,71,0.97,0.862,1.026
28,2,40,0.963,0.866,1.031
28,3,11,0.893,0.241,1.031
28,5,10,0.901,0.795,1.006
28,6,19,0.851,0.498,1.032
28,7,9,0.72,0.437,0.997
28,8,9,0.348,0.164,0.776
43,0,23,0.85,0.817,0.886
43,2,18,0.858,0.823,0.876
43,3,18,0.86,0.809,0.915
43,5,11,0.848,0.655,0.925
43,6,7,0.894,0.854,0.968
43,8,12,0.26,0.215,0.312
48,0,40,0.902,0.815,0.943
48,1,6,0.837,0.81,0.913
48,2,45,0.915,0.862,0.943
48,3,16,0.923,0.879,0.963
48,5,26,0.859,0.819,0.917
48,6,35,0.901,0.424,0.988
48,7,9,0.592,0.48,0.908
48,8,22,0.537,0.329,0.715
53,0,37,0.994,0.941,1.025
53,1,10,1.021,0.943,1.032
53,2,37,1.0,0.925,1.029
53,3,17,0.973,0.894,1.008
53,5,15,0.994,0.914,1.004
53,6,12,0.984,0.933,1.041
53,7,5,0.316,0.251,0.786
58,2,11,0.958,0.882,1.016
58,8,5,0.225,0.149,0.603

=== MONTHLY 09 ===
elev,N,count,median,p25,p75
8,0,14,0.568,0.487,0.606
8,2,9,0.603,0.524,0.65
8,6,12,0.569,0.501,0.655
8,8,12,0.283,0.165,0.626
13,0,8,0.42,0.345,0.505
13,5,7,0.55,0.501,0.644
13,8,7,0.39,0.3,0.641
18,0,18,0.91,0.619,0.943
18,2,13,0.622,0.308,0.77
18,3,12,0.832,0.752,0.941
18,5,6,0.567,0.236,0.791
18,6,17,0.649,0.538,0.913
18,8,11,0.469,0.339,0.733
23,0,24,0.925,0.855,0.993
23,2,7,0.959,0.823,0.993
23,3,10,0.905,0.798,0.981
23,5,12,0.862,0.769,1.026
23,6,20,0.614,0.504,0.79
23,8,20,0.569,0.21,0.833
33,0,23,0.891,0.811,0.938
33,2,14,0.917,0.838,0.931
33,3,12,0.851,0.806,0.907
33,5,13,0.943,0.862,0.95
33,6,10,0.894,0.799,0.976
33,8,10,0.626,0.2,0.828
38,0,35,0.866,0.832,0.984
38,2,39,0.897,0.84,0.97
38,3,8,0.921,0.88,1.03
38,5,18,0.928,0.846,0.965
38,6,22,0.883,0.737,0.988
38,7,13,0.324,0.224,0.974
38,8,16,0.497,0.276,0.983
43,0,10,1.014,1.004,1.032
43,1,8,0.938,0.821,1.067
43,2,22,0.979,0.868,1.005
43,3,9,0.969,0.902,1.023
43,5,9,1.009,0.959,1.043
43,6,15,0.888,0.417,0.916
43,7,12,0.606,0.495,0.784
43,8,15,0.333,0.152,0.42
48,0,10,0.821,0.8,0.852
48,3,5,0.968,0.901,0.99
48,8,11,0.472,0.285,0.893

=== MONTHLY 10 ===
elev,N,count,median,p25,p75
8,6,6,0.599,0.551,0.757
8,8,10,0.669,0.622,0.745
13,0,12,0.775,0.694,0.85
13,2,16,0.835,0.735,0.846
13,3,5,0.802,0.705,0.837
13,5,7,0.749,0.676,0.884
13,6,23,0.863,0.644,0.959
13,7,6,0.38,0.351,0.602
13,8,18,0.274,0.175,0.444
18,0,5,0.667,0.665,0.855
18,2,8,0.649,0.633,0.75
18,3,8,0.658,0.646,0.837
18,5,8,0.685,0.664,0.823
18,6,17,0.779,0.7,0.856
18,7,14,0.55,0.456,0.744
18,8,24,0.416,0.27,0.735
23,0,11,0.74,0.692,0.807
23,2,6,0.817,0.686,0.822
23,5,13,0.827,0.788,0.903
23,6,41,0.782,0.668,0.908
23,7,16,0.724,0.675,0.857
23,8,24,0.527,0.393,0.7
28,0,24,0.832,0.758,0.905
28,2,16,0.875,0.825,0.904
28,3,18,0.855,0.78,0.9
28,5,21,0.88,0.814,0.971
28,6,33,0.832,0.751,0.897
28,7,13,0.667,0.524,0.89
28,8,65,0.359,0.226,0.572
33,2,11,0.964,0.896,1.053
33,5,9,0.956,0.91,0.977
33,6,20,0.942,0.652,0.975
33,7,10,0.539,0.394,0.951
33,8,32,0.383,0.267,0.65
38,2,5,0.934,0.905,0.971
38,5,5,0.762,0.722,0.919
38,8,11,0.194,0.165,0.306

=== MONTHLY 11 ===
elev,N,count,median,p25,p75
8,0,5,0.778,0.722,0.837
8,2,8,0.753,0.722,0.886
8,3,8,0.757,0.691,0.867
8,6,12,0.676,0.481,0.839
8,7,9,0.63,0.466,0.798
8,8,34,0.31,0.175,0.512
13,2,8,0.719,0.557,0.802
13,5,5,0.707,0.623,0.781
13,6,6,0.631,0.518,0.874
13,7,9,0.747,0.676,0.822
13,8,53,0.304,0.178,0.492
18,2,15,0.724,0.696,0.795
18,3,9,0.7,0.615,0.831
18,5,7,0.769,0.631,0.862
18,6,39,0.695,0.611,0.836
18,7,27,0.475,0.424,0.827
18,8,98,0.229,0.156,0.425
23,0,12,0.796,0.693,0.881
23,2,15,0.842,0.814,0.921
23,3,8,0.749,0.686,0.86
23,5,5,0.709,0.706,0.795
23,6,20,0.956,0.818,1.019
23,7,12,0.563,0.419,0.96
23,8,76,0.237,0.172,0.437
28,7,5,0.645,0.638,1.01

=== MONTHLY 12 ===
elev,N,count,median,p25,p75
13,2,5,0.668,0.5,0.681
13,3,7,0.644,0.527,0.833
13,5,5,0.634,0.59,0.802
13,6,12,0.698,0.567,0.818
13,7,8,0.688,0.66,0.889
13,8,124,0.333,0.22,0.459
18,0,6,0.704,0.682,0.746
18,2,9,0.711,0.662,0.749
18,5,7,0.702,0.628,0.804
18,6,29,0.665,0.585,0.745
18,7,13,0.523,0.426,0.604
18,8,180,0.284,0.193,0.447

=== YEARLY 2023 ===
elev,N,count,median,p25,p75
8,0,7,0.623,0.592,0.77
8,2,11,0.651,0.54,0.769
8,3,7,0.763,0.52,0.844
8,5,6,0.864,0.73,0.884
8,6,19,0.72,0.629,0.839
8,8,33,0.468,0.372,0.759
13,0,10,0.767,0.52,0.832
13,2,19,0.802,0.516,0.844
13,3,8,0.755,0.667,0.837
13,5,16,0.797,0.623,0.891
13,6,34,0.622,0.518,0.863
13,7,10,0.5,0.37,0.676
13,8,94,0.353,0.215,0.511
18,0,29,0.853,0.679,0.913
18,2,12,0.786,0.631,0.815
18,3,35,0.777,0.646,0.857
18,5,27,0.75,0.589,0.825
18,6,67,0.691,0.533,0.817
18,7,28,0.609,0.483,0.827
18,8,176,0.34,0.193,0.525
23,0,41,0.926,0.891,0.988
23,1,11,0.709,0.659,0.882
23,2,35,0.872,0.705,0.929
23,3,26,0.765,0.692,0.901
23,5,27,0.851,0.735,0.926
23,6,98,0.806,0.565,0.945
23,7,17,0.71,0.478,0.846
23,8,110,0.386,0.222,0.567
28,0,38,0.983,0.92,1.016
28,2,23,1.013,0.853,1.039
28,3,16,0.914,0.817,1.024
28,5,15,0.96,0.783,1.006
28,6,37,0.852,0.79,0.963
28,7,11,0.933,0.538,1.039
28,8,56,0.37,0.244,0.607
33,0,44,1.045,0.94,1.075
33,2,29,1.04,0.964,1.07
33,3,12,0.993,0.864,1.055
33,5,11,0.961,0.789,1.009
33,6,40,0.945,0.799,1.023
33,7,13,0.607,0.518,0.804
33,8,62,0.413,0.277,0.63
38,0,14,0.883,0.85,1.008
38,2,20,0.926,0.86,1.006
38,3,16,0.904,0.884,1.03
38,5,10,0.92,0.695,0.979
38,6,10,0.824,0.644,0.994
38,7,5,0.786,0.655,0.937
38,8,23,0.408,0.294,0.775
43,0,15,0.922,0.82,1.02
43,2,10,0.987,0.972,1.031
43,3,10,0.96,0.936,1.023
43,5,18,0.912,0.861,0.978
43,6,11,0.835,0.417,0.9
43,8,31,0.42,0.207,0.603
48,0,16,0.949,0.935,1.009
48,1,6,1.011,0.939,1.029
48,2,22,0.951,0.931,0.996
48,3,13,0.973,0.958,0.996
48,6,14,0.962,0.677,1.07
48,7,15,0.526,0.405,0.933
48,8,30,0.335,0.18,0.738
53,0,17,1.021,0.967,1.055
53,2,34,0.975,0.956,1.039
53,3,16,0.985,0.944,1.025
53,5,29,0.996,0.951,1.019
53,6,46,0.961,0.799,1.019
53,7,18,0.75,0.511,0.91
53,8,25,0.311,0.174,0.591
58,1,6,0.999,0.99,1.025
58,2,17,1.027,0.986,1.044
58,5,12,1.033,1.02,1.074
58,6,20,1.001,0.955,1.05
58,7,7,0.982,0.925,1.033
58,8,18,0.484,0.269,0.966
63,0,12,0.99,0.953,1.016
63,2,11,1.013,0.95,1.023
63,3,6,0.997,0.941,1.039
63,6,16,1.001,0.938,1.036
63,7,7,0.99,0.627,1.061
63,8,14,0.247,0.208,0.615

=== YEARLY 2024 ===
elev,N,count,median,p25,p75
8,0,6,0.644,0.519,0.706
8,2,12,0.678,0.527,0.762
8,3,6,0.63,0.545,0.705
8,5,8,0.58,0.576,0.596
8,6,21,0.579,0.501,0.661
8,7,18,0.729,0.576,0.787
8,8,67,0.398,0.208,0.572
13,0,24,0.642,0.504,0.742
13,2,28,0.73,0.513,0.842
13,3,14,0.586,0.513,0.682
13,5,17,0.563,0.51,0.707
13,6,25,0.689,0.611,0.908
13,7,14,0.63,0.365,0.705
13,8,136,0.355,0.232,0.548
18,0,33,0.684,0.609,0.792
18,2,55,0.759,0.665,0.821
18,3,41,0.674,0.61,0.755
18,5,34,0.732,0.604,0.846
18,6,69,0.688,0.493,0.855
18,7,43,0.59,0.444,0.798
18,8,258,0.325,0.213,0.481
23,0,35,0.775,0.699,0.843
23,2,47,0.787,0.697,0.823
23,3,42,0.801,0.706,0.941
23,5,62,0.802,0.702,0.865
23,6,68,0.739,0.626,0.889
23,7,28,0.821,0.49,0.893
23,8,160,0.369,0.218,0.663
28,0,38,0.902,0.758,1.032
28,2,35,0.904,0.839,0.989
28,3,18,0.842,0.741,0.893
28,5,21,0.877,0.827,0.947
28,6,27,0.732,0.487,1.021
28,7,33,0.72,0.642,0.798
28,8,108,0.44,0.297,0.615
33,0,82,0.98,0.924,1.042
33,2,69,0.961,0.892,1.014
33,3,28,0.934,0.879,1.014
33,5,30,0.943,0.894,0.986
33,6,35,0.907,0.633,0.974
33,7,33,0.744,0.379,0.903
33,8,104,0.324,0.199,0.507
38,0,9,0.881,0.851,0.994
38,2,12,0.945,0.903,0.972
38,3,5,0.766,0.496,0.938
38,5,22,0.939,0.912,0.985
38,6,27,0.888,0.632,0.982
38,7,22,0.604,0.223,0.974
38,8,48,0.439,0.23,0.804
43,0,15,0.906,0.88,0.922
43,2,18,0.923,0.863,1.005
43,3,15,0.862,0.828,0.915
43,5,19,0.912,0.832,1.022
43,6,22,0.913,0.854,1.02
43,7,21,0.591,0.442,0.784
43,8,55,0.42,0.209,0.691
48,0,18,0.965,0.904,1.025
48,2,36,0.909,0.872,0.985
48,3,20,0.901,0.87,0.917
48,5,20,0.9,0.858,0.972
48,6,46,0.983,0.704,1.025
48,7,16,0.879,0.662,0.994
48,8,47,0.388,0.237,0.794
53,0,38,0.958,0.913,1.005
53,2,49,0.925,0.888,0.956
53,3,30,0.924,0.875,0.954
53,5,55,0.933,0.859,0.962
53,6,48,0.941,0.858,1.004
53,7,16,0.883,0.83,0.955
53,8,56,0.573,0.218,0.896
58,0,23,0.909,0.854,0.987
58,2,38,0.96,0.896,1.006
58,3,20,0.929,0.867,0.995
58,5,16,0.959,0.901,1.011
58,6,13,0.964,0.916,1.045
58,7,17,0.785,0.547,0.896
58,8,21,0.26,0.18,0.561
63,0,12,0.889,0.854,0.996
63,1,5,0.87,0.861,0.883
63,2,23,0.882,0.857,1.005
63,3,9,0.894,0.861,0.967
63,5,17,0.921,0.883,1.011
63,6,8,0.906,0.887,1.008
63,7,7,0.793,0.783,0.872
63,8,23,0.337,0.232,0.667

=== YEARLY 2025 ===
elev,N,count,median,p25,p75
8,0,22,0.636,0.524,0.794
8,2,8,0.702,0.671,0.75
8,3,7,0.68,0.603,0.814
8,5,6,0.541,0.47,0.8
8,6,12,0.644,0.39,0.872
8,7,12,0.548,0.455,0.698
8,8,36,0.406,0.239,0.672
13,0,16,0.619,0.504,0.684
13,2,13,0.648,0.557,0.694
13,3,12,0.672,0.641,0.705
13,5,11,0.634,0.561,0.686
13,6,26,0.639,0.553,0.71
13,7,23,0.643,0.493,0.793
13,8,88,0.335,0.189,0.539
18,0,44,0.635,0.602,0.711
18,2,45,0.626,0.6,0.714
18,3,16,0.714,0.69,0.763
18,5,31,0.702,0.62,0.791
18,6,60,0.67,0.609,0.779
18,7,34,0.455,0.398,0.589
18,8,190,0.318,0.193,0.502
23,0,43,0.742,0.691,0.822
23,2,22,0.757,0.7,0.791
23,3,30,0.728,0.66,0.778
23,5,45,0.735,0.672,0.789
23,6,45,0.679,0.443,0.795
23,7,30,0.521,0.397,0.695
23,8,121,0.346,0.204,0.547
28,0,57,0.857,0.207,0.981
28,2,25,0.838,0.779,0.939
28,3,18,0.845,0.805,0.862
28,5,21,0.847,0.795,0.888
28,6,40,0.813,0.694,0.891
28,7,11,0.473,0.36,0.749
28,8,53,0.299,0.226,0.576
33,0,71,0.882,0.706,0.937
33,2,33,0.86,0.717,0.915
33,3,29,0.885,0.716,0.934
33,5,29,0.895,0.728,0.95
33,6,50,0.788,0.553,0.976
33,7,22,0.598,0.366,0.741
33,8,63,0.399,0.223,0.706
38,0,14,0.849,0.813,0.873
38,2,20,0.844,0.821,0.964
38,5,11,0.894,0.766,0.92
38,6,11,0.737,0.389,0.855
38,7,8,0.435,0.316,0.809
38,8,52,0.303,0.215,0.36
43,0,13,0.844,0.823,0.867
43,2,33,0.857,0.827,0.875
43,3,8,0.846,0.81,0.902
43,5,5,0.858,0.843,0.876
43,6,24,0.876,0.533,1.006
43,7,7,0.313,0.239,0.981
43,8,29,0.25,0.206,0.379
48,0,49,0.85,0.811,0.9
48,1,6,0.837,0.81,0.913
48,2,22,0.848,0.802,0.917
48,3,10,0.858,0.823,0.95
48,5,22,0.852,0.82,0.922
48,6,23,0.922,0.808,0.978
48,8,34,0.337,0.242,0.745
53,0,48,0.901,0.856,0.959
53,1,10,0.886,0.842,1.002
53,2,43,0.88,0.858,0.932
53,3,26,0.902,0.868,0.962
53,5,39,0.902,0.838,0.956
53,6,46,0.889,0.804,0.973
53,7,16,0.685,0.338,0.935
53,8,7,0.897,0.196,1.037
58,0,16,0.889,0.77,0.962
58,2,20,0.902,0.798,0.958
58,3,18,0.925,0.793,1.006
58,5,11,0.907,0.78,0.973
58,6,21,0.909,0.801,0.96
58,7,6,0.285,0.103,0.399
58,8,20,0.432,0.231,0.813
63,0,10,0.81,0.692,0.897
63,2,16,0.841,0.772,0.912
63,3,6,0.859,0.767,0.945
63,5,12,0.843,0.781,0.925
63,6,20,0.848,0.808,0.935
63,7,7,0.87,0.504,1.081

=== YEARLY 2026 ===
elev,N,count,median,p25,p75
8,0,10,0.592,0.576,0.609
8,2,7,0.564,0.461,0.729
8,5,8,0.606,0.56,0.668
8,6,6,0.599,0.415,0.656
8,7,12,0.527,0.492,0.706
8,8,24,0.368,0.231,0.553
13,0,8,0.49,0.427,0.605
13,2,12,0.632,0.4,0.68
13,3,5,0.557,0.489,0.633
13,5,10,0.628,0.48,0.696
13,6,18,0.565,0.459,0.675
13,7,8,0.475,0.448,0.565
13,8,22,0.303,0.148,0.488
18,0,6,0.628,0.563,0.903
18,3,20,0.65,0.584,0.684
18,5,12,0.709,0.614,0.714
18,6,12,0.566,0.548,0.686
18,7,20,0.59,0.524,0.689
18,8,95,0.343,0.195,0.428
23,0,10,0.746,0.703,0.757
23,2,8,0.656,0.572,0.786
23,6,11,0.714,0.562,0.815
23,7,12,0.461,0.424,0.556
23,8,81,0.331,0.219,0.418
28,0,6,0.84,0.708,0.914
28,2,9,0.725,0.372,0.834
28,3,5,0.82,0.769,0.82
28,5,6,0.751,0.703,0.81
28,6,11,0.503,0.322,0.606
28,7,12,0.354,0.293,0.673
28,8,33,0.383,0.225,0.474
33,0,23,0.811,0.743,0.936
33,2,9,0.802,0.748,0.882
33,3,12,0.849,0.802,0.942
33,6,12,0.779,0.761,0.839
33,8,15,0.677,0.4,0.833
38,0,9,0.83,0.803,0.904
38,2,9,0.817,0.79,0.829
38,3,6,0.845,0.78,0.876
38,5,12,0.828,0.764,0.876
38,6,15,0.785,0.571,0.812
38,7,6,0.663,0.589,0.735
38,8,30,0.341,0.184,0.759
43,2,6,0.842,0.837,0.918
43,3,6,0.853,0.834,0.946
43,6,5,0.506,0.313,1.006
43,8,27,0.291,0.199,0.574
48,6,5,0.967,0.599,1.046
48,8,6,0.506,0.324,0.628

