33837,2026,01,01,00,00,AAXX 01001 33837 32983 02801 11052 21093 30068 40122 51011 555 1/105=
33837,2026,01,01,03,00,AAXX 01031 33837 42984 03101 11063 21102 30075 40129 52007 333 55035==
33837,2026,01,01,06,00,AAXX 01061 33837 32580 52702 11067 21102 30088 40143 53013 82501 333 21070 555 14107=
33837,2026,01,01,09,00,AAXX 01091 33837 42/81 32601 11017 21089 30095 40149 52007 82031==
33837,2026,01,01,12,00,AAXX 01121 33837 32580 32702 10008 21095 30091 40144 58004 82101 555 1/002=
33837,2026,01,01,15,00,AAXX 01151 33837 42984 22401 11014 21105 30101 40155 53010 80001==
33837,2026,01,01,18,00,AAXX 01181 33837 32984 32403 11013 21120 30100 40154 58001 82031 333 10010 555 1/104=
33837,2026,01,01,21,00,AAXX 01211 33837 42982 02404 11019 21093 30100 40154 54000==
33837,2026,01,02,00,00,AAXX 02001 33837 32984 02306 11013 21083 30086 40139 58014 555 1/104=
33837,2026,01,02,03,00,AAXX 02031 33837 42983 52206 11007 21082 30069 40122 57017 80001 333 55035==
33837,2026,01,02,06,00,AAXX 02061 33837 32583 62205 10017 21059 30056 40109 57013 82551 333 21022 555 14102=
33837,2026,01,02,09,00,AAXX 02091 33837 42669 82205 10047 21038 30050 40102 56006 82531==
33837,2026,01,02,12,00,AAXX 02121 33837 32983 82204 10058 21058 30028 40080 58022 86031 555 1/004=
33837,2026,01,02,15,00,AAXX 02151 33837 42/81 72303 10055 21008 30019 40071 56009 86031==
33837,2026,01,02,18,00,AAXX 02181 33837 32973 82303 10061 21028 30004 40056 58015 85031 333 10062 555 1/001=
33837,2026,01,02,21,00,AAXX 02211 33837 42983 62205 10071 21037 39998 40049 56006 80001==
33837,2026,01,03,00,00,AAXX 03001 33837 32973 82204 10072 20027 39983 40034 58015 83031 555 1/002=
33837,2026,01,03,03,00,AAXX 03031 33837 42/77 62204 10077 20015 39970 40021 57013 85031 333 55000 85301==
33837,2026,01,03,06,00,AAXX 03061 33837 11584 62304 10055 21028 39977 40029 53007 69902 70282 82531 333 20054 555 11001=
33837,2026,01,03,09,00,AAXX 03091 33837 42/84 82302 10060 21031 39980 40031 52003 86071==
33837,2026,01,03,12,00,AAXX 03121 33837 /1577 82302 10073 20007 39964 40015 58016 72582 83351 555 1/004 69911=
33837,2026,01,03,15,00,AAXX 03151 33837 42569 83103 10029 21006 39990 40042 53026 8555/ 333 85629==
33837,2026,01,03,18,00,AAXX 03181 33837 12979 62801 10014 21010 30027 40080 53037 69912 85031 333 10076 555 1/101=
33837,2026,01,03,21,00,AAXX 03211 33837 42968 02602 10013 21011 30061 40114 52034==
33837,2026,01,04,00,00,AAXX 04001 33837 32975 02702 10007 21017 30082 40135 51021 555 1/102=
33837,2026,01,04,03,00,AAXX 04031 33837 42/64 60502 10014 21007 30087 40140 51005 85031 333 55000==
33837,2026,01,04,06,00,AAXX 04061 33837 32362 80904 10040 20020 30087 40139 54000 885// 333 21001 88707 555 11002=
33837,2026,01,04,09,00,AAXX 04091 33837 41366 81410 10065 20035 30068 40120 58019 76162 8872/==
33837,2026,01,04,12,00,AAXX 04121 33837 /1356 81306 10050 20035 30035 40087 58033 76162 8872/ 555 1/004 69991=
33837,2026,01,04,15,00,AAXX 04151 33837 41234 81005 10046 20037 30028 40080 56007 76162 8872/==
33837,2026,01,04,18,00,AAXX 04181 33837 11/09 92801 10046 20046 30048 40100 53020 60022 74764 333 10065 555 1/003=
33837,2026,01,04,21,00,AAXX 04211 33837 41484 83103 10024 20005 30088 40141 53040 70242 8557/ 333 85710==
33837,2026,01,05,00,00,AAXX 05001 33837 31582 83303 10015 21014 30119 40172 51031 70242 8255/ 555 1/001=
33837,2026,01,05,03,00,AAXX 05031 33837 42/80 83402 10007 21025 30143 40196 51024 8805/ 333 55000==
33837,2026,01,05,06,00,AAXX 05061 33837 32471 80504 10008 21018 30168 40221 52025 8465/ 333 20004 84711 555 11000=
33837,2026,01,05,09,00,AAXX 05091 33837 42482 80604 10016 21013 30171 40224 51003 8555/ 333 85711==
33837,2026,01,05,12,00,AAXX 05121 33837 32468 80706 10023 21013 30162 40215 58009 8655/ 333 86617 555 1/002=
33837,2026,01,05,15,00,AAXX 05151 33837 41361 80806 10025 21001 30154 40207 57008 76176 8872/==
33837,2026,01,05,18,00,AAXX 05181 33837 11359 80807 10032 20016 30143 40196 57011 69952 76176 8872/ 333 10033 555 1/003=
33837,2026,01,05,21,00,AAXX 05211 33837 41332 80908 10036 20027 30121 40174 58022 76162 8872/==
33837,2026,01,06,00,00,AAXX 06001 33837 /1145 80705 10047 20038 30103 40155 57018 72162 886// 333 88703 555 1/004 60011=
33837,2026,01,06,03,00,AAXX 06031 33837 41127 80602 10064 20057 30084 40136 57019 71022 886// 333 55000 88702==
33837,2026,01,06,06,00,AAXX 06061 33837 11958 82003 10081 20073 30079 40130 56005 60012 71022 8805/ 333 20031 555 11006=
33837,2026,01,06,09,00,AAXX 06091 33837 42570 71903 10105 20074 30079 40130 54000 82504==
33837,2026,01,06,12,00,AAXX 06121 33837 32563 61903 10100 20071 30068 40119 58011 82501 555 1/011=
33837,2026,01,06,15,00,AAXX 06151 33837 42963 82103 10087 20068 30070 40121 53002 80004==
33837,2026,01,06,18,00,AAXX 06181 33837 31957 82102 10084 20069 30072 40123 52002 71022 80004 333 10110 555 1/005=
33837,2026,01,06,21,00,AAXX 06211 33837 41/58 82102 10087 20072 30070 40121 58002 71022 83034==
33837,2026,01,07,00,00,AAXX 07001 33837 31957 62002 10082 20068 30063 40114 58007 71022 82031 555 1/005=
33837,2026,01,07,03,00,AAXX 07031 33837 41558 62002 10085 20070 30054 40105 57009 71022 85530 333 55034 85632==
33837,2026,01,07,06,00,AAXX 07061 33837 11356 82102 10099 20083 30056 40107 53002 69902 75152 886// 333 20078 555 11008=
33837,2026,01,07,09,00,AAXX 07091 33837 41560 82003 10095 20078 30052 40103 58004 72552 8635/ 333 86929==
33837,2026,01,07,12,00,AAXX 07121 33837 /1560 61803 10098 20077 30036 40087 58016 70252 85530 333 85628 555 1/011 69901=
33837,2026,01,07,15,00,AAXX 07151 33837 41358 82003 10094 20077 30033 40084 56003 71022 886// 333 88709==
33837,2026,01,07,18,00,AAXX 07181 33837 11358 82102 10089 20075 30027 40078 57006 69902 76186 8872/ 333 10100 555 1/008=
33837,2026,01,07,21,00,AAXX 07211 33837 41/02 90101 10070 20070 30017 40068 57010 74762 89///==
33837,2026,01,08,00,00,AAXX 08001 33837 /1219 83301 10055 20046 39996 40048 58021 72564 883// 333 88903 555 1/007 69931=
33837,2026,01,08,03,00,AAXX 08031 33837 41/02 90000 10054 20054 39974 40025 57022 74542 89/// 333 55002==
33837,2026,01,08,06,00,AAXX 08061 33837 11/02 91402 10072 20072 39937 49988 58037 60012 76164 333 20050 96045 555 11007=
33837,2026,01,08,09,00,AAXX 08091 33837 41/07 91907 10084 20084 39895 49945 58042 76364 89///==
33837,2026,01,08,12,00,AAXX 08121 33837 /1423 81902 10096 20087 39865 49915 58030 78086 883// 555 1/009 60091=
33837,2026,01,08,15,00,AAXX 08151 33837 41358 82807 10020 20010 39864 49916 56001 78082 883//==
33837,2026,01,08,18,00,AAXX 08181 33837 11340 82908 11009 21029 39881 49933 53017 60102 78582 883// 333 10097 555 1/001=
33837,2026,01,08,21,00,AAXX 08211 33837 41484 82809 11019 21065 39911 49964 53030 70282 8475/ 333 84719==
33837,2026,01,09,00,00,AAXX 09001 33837 /1584 72907 11026 21077 39928 49981 51017 70282 86550 333 86625 555 1/101 69921=
33837,2026,01,09,03,00,AAXX 09031 33837 41482 82806 11027 21076 39944 49997 52016 78582 883// 333 55000==
33837,2026,01,09,06,00,AAXX 09061 33837 11574 82606 11023 21065 39959 40012 52015 69922 70282 8655/ 333 21027 86626 555 14102=
33837,2026,01,09,09,00,AAXX 09091 33837 42576 72603 11008 21068 39977 40030 52018 86530 333 86631==
33837,2026,01,09,12,00,AAXX 09121 33837 32583 72705 10007 21080 39975 40027 58002 83550 555 1/002=
33837,2026,01,09,15,00,AAXX 09151 33837 42581 82201 11004 21072 39990 40043 53015 8355/==
33837,2026,01,09,18,00,AAXX 09181 33837 32970 02501 11018 21069 39997 40050 51007 333 10014 555 1/103=
33837,2026,01,09,21,00,AAXX 09211 33837 42980 02403 11010 21069 39990 40043 58007==
33837,2026,01,10,00,00,AAXX 10001 33837 32970 02501 11023 21065 39982 40035 57008 555 1/104=
33837,2026,01,10,03,00,AAXX 10031 33837 42/73 52601 11020 21065 39975 40028 57007 85050 333 55019==
33837,2026,01,10,06,00,AAXX 10061 33837 32770 80101 11010 21050 39968 40021 57007 8655/ 333 21029 86655 555 14101=
33837,2026,01,10,09,00,AAXX 10091 33837 41336 80501 10008 21007 39963 40015 57005 78382 883//==
33837,2026,01,10,12,00,AAXX 10121 33837 /1333 83302 11005 21015 39955 40008 57008 78388 883// 555 1/000 60021=
33837,2026,01,10,15,00,AAXX 10151 33837 41460 83602 11004 21021 39960 40013 53005 70282 885// 333 87710==
33837,2026,01,10,18,00,AAXX 10181 33837 11362 63603 11012 21029 39963 40016 52003 60022 70282 86600 333 10011 86707 555 1/101=
33837,2026,01,10,21,00,AAXX 10211 33837 42571 63403 11023 21053 39969 40022 52006 85550 333 85720==
33837,2026,01,11,00,00,AAXX 11001 33837 32565 83402 11038 21069 39969 40022 54000 8555/ 555 1/102=
33837,2026,01,11,03,00,AAXX 11031 33837 42/63 60306 11057 21092 39974 40028 53005 85051 333 55000==
33837,2026,01,11,06,00,AAXX 11061 33837 32571 83206 11075 21120 39988 40042 53014 8437/ 333 21076 44002 84923 555 14105=
33837,2026,01,11,09,00,AAXX 11091 33837 41/80 83205 11070 21125 30014 40068 53026 70282 8802/==
33837,2026,01,11,12,00,AAXX 11121 33837 /1983 83104 11055 21120 30027 40081 51013 70282 8807/ 555 1/102 69901=
33837,2026,01,11,15,00,AAXX 11151 33837 42976 52902 11062 21110 30055 40109 53028 80004==
33837,2026,01,11,18,00,AAXX 11181 33837 12968 00000 11067 21106 30070 40124 51015 69902 333 11052 555 1/108=
33837,2026,01,11,21,00,AAXX 11211 33837 42974 02701 11067 21107 30077 40131 51007==
33837,2026,01,12,00,00,AAXX 12001 33837 32970 02701 11065 21105 30088 40142 52011 555 1/107=
33837,2026,01,12,03,00,AAXX 12031 33837 42968 02701 11068 21107 30088 40143 54000 333 55003==
33837,2026,01,12,06,00,AAXX 12061 33837 32966 32701 11064 21106 30098 40153 53010 80001 333 21071 42001 555 12108=
33837,2026,01,12,09,00,AAXX 12091 33837 42971 32801 11013 21094 30108 40162 52010 80001==
33837,2026,01,12,12,00,AAXX 12121 33837 32981 22702 10005 21075 30106 40159 58002 80001 555 1/002=
33837,2026,01,12,15,00,AAXX 12151 33837 42574 50000 11021 21090 30117 40171 53011 83501==
33837,2026,01,12,18,00,AAXX 12181 33837 32969 20000 11032 21086 30129 40183 52012 80001 333 10006 555 1/104=
33837,2026,01,12,21,00,AAXX 12211 33837 42667 62701 11036 21079 30138 40192 52009 85530 333 85643==
33837,2026,01,13,00,00,AAXX 13001 33837 32670 62901 11039 21077 30143 40197 52005 83530 333 83644 555 1/104=
33837,2026,01,13,03,00,AAXX 13031 33837 42584 53001 11059 21105 30152 40207 52009 82550 333 55036==
33837,2026,01,13,06,00,AAXX 13061 33837 32581 72902 11077 21126 30164 40219 52012 82531 333 21077 41998 555 14106=
33837,2026,01,13,09,00,AAXX 13091 33837 42570 52901 11052 21113 30175 40230 52011 82501==
33837,2026,01,13,12,00,AAXX 13121 33837 32580 60000 11025 21115 30160 40214 58015 82531 555 1/002=
33837,2026,01,13,15,00,AAXX 13151 33837 42/83 70000 11039 21112 30167 40221 53007 86051==
33837,2026,01,13,18,00,AAXX 13181 33837 32977 22001 11031 21091 30167 40221 54000 80001 333 11025 555 1/104=
33837,2026,01,13,21,00,AAXX 13211 33837 42583 62101 11008 21054 30165 40219 58002 83501==
33837,2026,01,14,00,00,AAXX 14001 33837 32983 30000 11035 21087 30165 40219 54000 80001 555 1/106=
33837,2026,01,14,03,00,AAXX 14031 33837 42965 00000 11051 21087 30169 40224 53004 333 55033==
33837,2026,01,14,06,00,AAXX 14061 33837 32562 52901 11066 21092 30174 40229 52005 82531 333 21067 41998 555 14106=
33837,2026,01,14,09,00,AAXX 14091 33837 42/65 30000 11044 21078 30183 40238 52009 82034==
33837,2026,01,14,12,00,AAXX 14121 33837 32564 13401 11015 21072 30178 40232 58005 81500 555 1/003=
33837,2026,01,14,15,00,AAXX 14151 33837 42981 00000 11026 21087 30177 40231 57001==
33837,2026,01,14,18,00,AAXX 14181 33837 32960 00000 11043 21082 30178 40233 53001 333 11011 555 1/104=
33837,2026,01,14,21,00,AAXX 14211 33837 42/60 50000 11052 21081 30171 40226 58007 85050==
33837,2026,01,15,00,00,AAXX 15001 33837 32470 81003 11019 21057 30158 40212 58013 8755/ 333 87716 555 1/102=
33837,2026,01,15,03,00,AAXX 15031 33837 41318 80804 11018 21029 30145 40199 57013 78582 889// 333 55031==
33837,2026,01,15,06,00,AAXX 15061 33837 11357 80607 11027 21043 30151 40205 53006 60022 78582 889// 333 21054 47003 555 17102=
33837,2026,01,15,09,00,AAXX 15091 33837 41438 80405 11043 21064 30166 40220 53015 78588 883//==
33837,2026,01,15,12,00,AAXX 15121 33837 /1560 50102 11040 21087 30166 40220 54000 72682 82351 555 1/100 69931=
33837,2026,01,15,15,00,AAXX 15151 33837 42460 63302 11059 21101 30189 40244 53023 85551 333 85716==
33837,2026,01,15,18,00,AAXX 15181 33837 12460 63302 11082 21114 30205 40260 53016 69932 85601 333 11027 85711 555 1/109=
33837,2026,01,15,21,00,AAXX 15211 33837 41457 83605 11079 21103 30218 40273 52013 78522 883//==
33837,2026,01,16,00,00,AAXX 16001 33837 /1560 83502 11069 21101 30226 40281 52008 72682 883// 333 88920 555 1/106 69901=
33837,2026,01,16,03,00,AAXX 16031 33837 41/60 63102 11099 21122 30235 40291 52009 70282 85051 333 55004==
33837,2026,01,16,06,00,AAXX 16061 33837 11460 83301 11105 21131 30246 40302 52011 69902 70282 84601 333 21105 47003 84710 555 17111=
33837,2026,01,16,09,00,AAXX 16091 33837 42/60 33403 11084 21129 30251 40307 51005 82031==
33837,2026,01,16,12,00,AAXX 16121 33837 32465 53402 11052 21102 30249 40304 58002 83631 333 83717 555 1/100=
33837,2026,01,16,15,00,AAXX 16151 33837 42675 63603 11031 21078 30257 40312 53008 83531 333 83636==
33837,2026,01,16,18,00,AAXX 16181 33837 32961 23604 11056 21092 30272 40327 53015 80001 333 11031 555 1/106=
33837,2026,01,16,21,00,AAXX 16211 33837 41458 30105 11084 21114 30285 40341 52013 71000 82501 333 82713==
33837,2026,01,17,00,00,AAXX 17001 33837 31458 33603 11099 21119 30288 40344 51003 71000 83600 333 83712 555 1/108=
33837,2026,01,17,03,00,AAXX 17031 33837 41456 63604 11106 21126 30285 40341 58003 71011 86600 333 55037 86711==
33837,2026,01,17,06,00,AAXX 17061 33837 31357 70105 11116 21136 30285 40342 54000 71011 87600 333 21116 47003 87708 555 17108=
33837,2026,01,17,09,00,AAXX 17091 33837 41437 80205 11099 21119 30293 40349 53008 78582 8637/==
33837,2026,01,17,12,00,AAXX 17121 33837 /1457 70104 11078 21099 30284 40340 58009 78582 85351 555 1/104 69931=
33837,2026,01,17,15,00,AAXX 17151 33837 41458 60207 11080 21120 30296 40352 53012 78582 85370==
33837,2026,01,17,18,00,AAXX 17181 33837 11471 60510 11092 21126 30309 40365 52013 69932 70282 82551 333 11076 82716 555 1/108=
33837,2026,01,17,21,00,AAXX 17211 33837 42471 80309 11099 21127 30314 40370 51005 8557/ 333 85715==
33837,2026,01,18,00,00,AAXX 18001 33837 32478 80104 11109 21132 30318 40375 52004 85554 333 85712 555 1/109=
33837,2026,01,18,03,00,AAXX 18031 33837 42481 80105 11110 21133 30318 40375 54000 885// 333 55003 88710==
33837,2026,01,18,06,00,AAXX 18061 33837 32480 70103 11111 21133 30323 40380 53005 85501 333 21113 47003 85710 555 17109=
33837,2026,01,18,09,00,AAXX 18091 33837 42469 60104 11095 21126 30324 40380 52001 86500==
33837,2026,01,18,12,00,AAXX 18121 33837 /1475 80103 11066 21101 30313 40369 58011 78582 8635/ 555 1/104 69901=
33837,2026,01,18,15,00,AAXX 18151 33837 41450 80105 11058 21085 30313 40369 54000 78588 883//==
33837,2026,01,18,18,00,AAXX 18181 33837 11471 70410 11052 21083 30318 40373 53005 69902 70282 87500 333 11049 87713 555 1/105=
33837,2026,01,18,21,00,AAXX 18211 33837 42469 80105 11061 21084 30319 40375 52001 885// 333 88710==
33837,2026,01,19,00,00,AAXX 19001 33837 32466 83504 11065 21088 30316 40372 58003 885// 333 88713 555 1/105=
33837,2026,01,19,03,00,AAXX 19031 33837 41462 83604 11062 21083 30317 40373 53001 78582 883// 333 55009==
33837,2026,01,19,06,00,AAXX 19061 33837 11261 83603 11067 21086 30323 40379 53006 69902 70282 885// 333 21068 47003 88706 555 17105=
33837,2026,01,19,09,00,AAXX 19091 33837 42367 53501 11060 21089 30326 40382 52003 85600 333 85708==
33837,2026,01,19,12,00,AAXX 19121 33837 32366 73402 11045 21076 30317 40372 58009 86601 333 86708 555 1/101=
33837,2026,01,19,15,00,AAXX 19151 33837 42474 63402 11046 21074 30317 40372 54000 85501 333 85711==
33837,2026,01,19,18,00,AAXX 19181 33837 32364 63302 11056 21074 30318 40374 53001 85501 333 11039 85707 555 1/107=
33837,2026,01,19,21,00,AAXX 19211 33837 42263 83601 11053 21071 30318 40373 54000 886// 333 88706==
33837,2026,01,20,00,00,AAXX 20001 33837 32261 80101 11059 21076 30311 40367 58007 886// 333 88706 555 1/105=
33837,2026,01,20,03,00,AAXX 20031 33837 41112 83301 11068 21080 30306 40362 57005 71082 886// 333 55043 88702==
33837,2026,01,20,06,00,AAXX 20061 33837 11122 82901 11078 21092 30306 40362 54000 69902 71082 886// 333 21080 46002 88702 555 16106=
33837,2026,01,20,09,00,AAXX 20091 33837 41140 80000 11066 21078 30303 40359 58003 71022 886// 333 88703==
33837,2026,01,20,12,00,AAXX 20121 33837 31958 32301 11040 21055 30287 40342 58016 71011 80001 555 1/100=
33837,2026,01,20,15,00,AAXX 20151 33837 42960 22701 11055 21082 30277 40332 56010 80001==
33837,2026,01,20,18,00,AAXX 20181 33837 31956 02501 11085 21100 30268 40324 57009 71000 333 11028 555 1/108=
33837,2026,01,20,21,00,AAXX 20211 33837 41950 00000 11091 21106 30261 40317 57007 71000==
33837,2026,01,21,00,00,AAXX 21001 33837 31950 00000 11098 21114 30252 40308 57009 71000 555 1/110=
33837,2026,01,21,03,00,AAXX 21031 33837 41950 01601 11090 21105 30235 40291 58017 71000 333 55015==
33837,2026,01,21,06,00,AAXX 21061 33837 31945 22301 11056 21071 30222 40277 56013 71000 80001 333 21103 46001 555 16109=
33837,2026,01,21,09,00,AAXX 21091 33837 42966 02402 10008 21052 30210 40264 57012==
33837,2026,01,21,12,00,AAXX 21121 33837 32463 80000 10009 21025 30191 40244 58019 885// 333 88715 555 1/100=
33837,2026,01,21,15,00,AAXX 21151 33837 42465 82201 10013 21021 30165 40218 58026 885// 333 88717==
33837,2026,01,21,18,00,AAXX 21181 33837 32484 72102 10022 21014 30150 40203 56015 87500 333 10023 87718 555 1/101=
33837,2026,01,21,21,00,AAXX 21211 33837 42582 81901 10028 21010 30136 40189 57014 885// 333 88720==
33837,2026,01,22,00,00,AAXX 22001 33837 32584 81802 10030 21005 30115 40168 58021 885// 333 88721 555 1/100=
33837,2026,01,22,03,00,AAXX 22031 33837 41257 81204 10026 20011 30098 40151 57017 71022 885// 333 55011 88704==
33837,2026,01,22,06,00,AAXX 22061 33837 31250 81105 10018 20008 30079 40132 57019 71022 886// 333 20018 41998 88704 555 14100=
33837,2026,01,22,09,00,AAXX 22091 33837 41045 81108 10019 20004 30069 40122 56010 71022 86505 333 86701==
33837,2026,01,22,12,00,AAXX 22121 33837 32260 80604 11010 21023 30054 40107 58015 885// 333 87703 555 1/100=
33837,2026,01,22,15,00,AAXX 22151 33837 41/04 90605 11018 21018 30050 40103 56004 74742 89///==
33837,2026,01,22,18,00,AAXX 22181 33837 11/02 90606 11019 21019 30041 40094 58009 69902 77774 333 10023 93400 96049 555 1/101=
33837,2026,01,22,21,00,AAXX 22211 33837 41131 80507 11012 21019 30035 40088 57006 71074 886// 333 88703==
33837,2026,01,23,00,00,AAXX 23001 33837 /1356 80506 11006 21022 30028 40081 57007 71074 886// 333 88706 555 1/101 69901=
33837,2026,01,23,03,00,AAXX 23031 33837 41121 80704 11008 21018 30031 40084 53003 71022 886// 333 55000 88703==
33837,2026,01,23,06,00,AAXX 23061 33837 11219 80704 11016 21024 30037 40090 52006 69902 77172 8872/ 333 21017 555 14101=
33837,2026,01,23,09,00,AAXX 23091 33837 41218 80706 11021 21029 30045 40098 52008 77172 8872/==
33837,2026,01,23,12,00,AAXX 23121 33837 /1356 80607 11021 21029 30043 40096 58002 77177 8872/ 555 1/101 60011=
33837,2026,01,23,15,00,AAXX 23151 33837 41459 80605 11018 21034 30054 40107 53011 72272 885// 333 88712==
33837,2026,01,23,18,00,AAXX 23181 33837 11356 80606 11025 21044 30063 40117 52009 60012 77172 8872/ 333 11014 555 1/102=
33837,2026,01,23,21,00,AAXX 23211 33837 41358 80507 11040 21061 30074 40128 52011 77177 8872/==
33837,2026,01,24,00,00,AAXX 24001 33837 /1358 80406 11045 21066 30082 40136 52008 77177 8872/ 555 1/104 69901=
33837,2026,01,24,03,00,AAXX 24031 33837 41457 80404 11052 21073 30086 40140 52004 71072 885// 333 55000 88711==
33837,2026,01,24,06,00,AAXX 24061 33837 11457 80203 11053 21076 30099 40153 53013 69902 71072 885// 333 21054 47001 88711 555 17105=
33837,2026,01,24,09,00,AAXX 24091 33837 41460 80203 11044 21070 30110 40164 52011 70282 885// 333 88710==
33837,2026,01,24,12,00,AAXX 24121 33837 /1460 80201 11035 21064 30114 40168 51004 70282 87509 333 87711 555 1/100 69901=
33837,2026,01,24,15,00,AAXX 24151 33837 42460 80602 11030 21058 30121 40175 52007 8655/ 333 86712==
33837,2026,01,24,18,00,AAXX 24181 33837 12460 80703 11026 21049 30126 40180 52005 69902 886// 333 11025 88710 555 1/102=
33837,2026,01,24,21,00,AAXX 24211 33837 41437 80703 11024 21044 30133 40187 52007 78582 883//==
33837,2026,01,25,00,00,AAXX 25001 33837 /1446 80803 11027 21041 30137 40191 52004 72682 883// 333 88910 555 1/102 69901=
33837,2026,01,25,03,00,AAXX 25031 33837 41142 80905 11018 21028 30127 40181 58010 71022 886// 333 55000 88703==
33837,2026,01,25,06,00,AAXX 25061 33837 11228 80906 11015 21026 30135 40189 53008 69902 71022 885// 333 21028 43001 88704 555 13102=
33837,2026,01,25,09,00,AAXX 25091 33837 41317 80905 11007 21017 30137 40191 51002 75652 886//==
33837,2026,01,25,12,00,AAXX 25121 33837 /1319 81007 11003 21011 30129 40182 58008 75152 886// 333 93401 555 1/101 69901=
33837,2026,01,25,15,00,AAXX 25151 33837 41317 81007 10000 21008 30133 40186 53004 76165 8872/==
33837,2026,01,25,18,00,AAXX 25181 33837 11224 80904 10000 21007 30136 40189 52003 60012 71062 886// 333 10001 88703 555 1/100=
33837,2026,01,25,21,00,AAXX 25211 33837 41328 80903 10005 21004 30126 40179 58010 76166 8872/==
33837,2026,01,26,00,00,AAXX 26001 33837 /1231 81108 10001 21006 30114 40167 57012 71062 886// 333 88703 555 1/101 69941=
33837,2026,01,26,03,00,AAXX 26031 33837 41323 81008 11006 21014 30112 40165 56002 76362 8872/ 333 55000==
33837,2026,01,26,06,00,AAXX 26061 33837 11322 81006 11005 21012 30107 40160 57005 60052 76762 8872/ 333 21007 42001 93402 555 12101=
33837,2026,01,26,09,00,AAXX 26091 33837 41328 81004 11003 21010 30103 40156 57004 76766 8872/==
33837,2026,01,26,12,00,AAXX 26121 33837 /1333 81004 11001 21008 30087 40140 58016 76766 8872/ 333 93407 555 1/100 60061=
33837,2026,01,26,15,00,AAXX 26151 33837 41338 80903 10001 21006 30075 40128 57012 76162 8872/==
33837,2026,01,26,18,00,AAXX 26181 33837 11356 80903 10001 21007 30067 40120 57008 60082 76162 8872/ 333 10002 555 1/100=
33837,2026,01,26,21,00,AAXX 26211 33837 41147 80805 11007 21017 30052 40105 58015 71062 886// 333 88703==
33837,2026,01,27,00,00,AAXX 27001 33837 /1146 80804 11010 21018 30038 40091 57014 71062 886// 333 88703 555 1/102 69901=
33837,2026,01,27,03,00,AAXX 27031 33837 41150 80702 11014 21024 30019 40072 57019 71022 886// 333 55000 88703==
33837,2026,01,27,06,00,AAXX 27061 33837 11250 80703 11013 21024 30015 40068 56004 69932 75652 886// 333 21014 40001 93410 555 10102=
33837,2026,01,27,09,00,AAXX 27091 33837 41240 80701 11015 21026 30012 40065 57003 76665 8872/==
33837,2026,01,27,12,00,AAXX 27121 33837 /1350 80702 11012 21023 30007 40060 57005 76665 8872/ 333 93413 555 1/100 60021=
33837,2026,01,27,15,00,AAXX 27151 33837 41150 80903 11003 21013 30007 40060 54000 71062 886// 333 88703==
33837,2026,01,27,18,00,AAXX 27181 33837 11/05 90802 10003 20003 30010 40063 53003 60022 74764 333 10004 555 1/100=
33837,2026,01,27,21,00,AAXX 27211 33837 41/01 90602 10007 20007 30010 40063 54000 75154 89///==
33837,2026,01,28,00,00,AAXX 28001 33837 /1/01 93501 10007 20007 30006 40059 58004 74554 555 1/101 69901=
33837,2026,01,28,03,00,AAXX 28031 33837 41/07 93401 10013 20013 30004 40056 56002 74344 89/// 333 55000==
33837,2026,01,28,06,00,AAXX 28061 33837 11/04 92601 10006 20006 30006 40059 53002 69902 74544 333 20003 40001 555 10000=
33837,2026,01,28,09,00,AAXX 28091 33837 41/02 91701 10014 20014 30006 40058 54000 74544 89///==
33837,2026,01,28,12,00,AAXX 28121 33837 31213 80000 10032 20026 39999 40051 58007 72842 886// 333 88704 555 1/001=
33837,2026,01,28,15,00,AAXX 28151 33837 41150 82202 10030 20024 39996 40048 57003 72842 886// 333 88703==
33837,2026,01,28,18,00,AAXX 28181 33837 31/06 92103 10038 20038 39997 40049 53001 74342 333 10039 555 1/001=
33837,2026,01,28,21,00,AAXX 28211 33837 41261 81903 10050 20044 39988 40040 58009 70242 885// 333 88704==
33837,2026,01,29,00,00,AAXX 29001 33837 31133 82003 10050 20043 39972 40024 58016 71042 886// 333 88702 555 1/002=
33837,2026,01,29,03,00,AAXX 29031 33837 41/03 91904 10057 20057 39959 40010 57013 74542 89/// 333 55000==
33837,2026,01,29,06,00,AAXX 29061 33837 31256 82002 10062 20056 39952 40003 56007 71042 886// 333 20037 88704 555 11003=
33837,2026,01,29,09,00,AAXX 29091 33837 41147 82003 10069 20062 39948 49999 57004 71022 886// 333 88703==
33837,2026,01,29,12,00,AAXX 29121 33837 31442 51702 10076 20054 39938 49989 58010 71022 82631 555 1/011=
33837,2026,01,29,15,00,AAXX 29151 33837 41/11 62801 10049 20045 39943 49994 53005 72842 84031==
33837,2026,01,29,18,00,AAXX 29181 33837 31/02 90000 10031 20031 39947 49999 52004 74542 333 10085 555 1/002=
33837,2026,01,29,21,00,AAXX 29211 33837 41/03 93501 10030 20030 39943 49995 58004 76164 89///==
33837,2026,01,30,00,00,AAXX 30001 33837 /1413 83401 10034 20031 39934 49986 58009 76364 8872/ 333 96028 555 1/002 60041=
33837,2026,01,30,03,00,AAXX 30031 33837 41425 83402 10036 20030 39924 49976 57010 76366 8872/ 333 55008==
33837,2026,01,30,06,00,AAXX 30061 33837 11422 83502 10041 20035 39921 49972 56003 60152 76166 8872/ 333 20023 555 11003=
33837,2026,01,30,09,00,AAXX 30091 33837 41114 83602 10047 20041 39923 49974 53002 74564 886// 333 88702==
33837,2026,01,30,12,00,AAXX 30121 33837 /1257 83302 10047 20041 39917 49968 58006 78082 883// 555 1/006 60021=
33837,2026,01,30,15,00,AAXX 30151 33837 41250 83504 10023 20014 39926 49978 53009 76186 8872/==
33837,2026,01,30,18,00,AAXX 30181 33837 11257 83405 10003 21004 39937 49989 52011 60082 76186 8872/ 333 10062 555 1/002=
33837,2026,01,30,21,00,AAXX 30211 33837 41238 83306 11008 21019 39949 40002 52012 76766 8872/==
33837,2026,01,31,00,00,AAXX 31001 33837 /1257 83307 11021 21035 39959 40012 52010 76666 8872/ 333 93401 555 1/101 60051=
33837,2026,01,31,03,00,AAXX 31031 33837 41257 83407 11034 21048 39973 40026 52014 77679 8872/ 333 55000==
33837,2026,01,31,06,00,AAXX 31061 33837 11350 83306 11058 21069 39990 40043 52017 60072 77176 8872/ 333 21058 47001 555 17101=
33837,2026,01,31,09,00,AAXX 31091 33837 41250 83204 11068 21084 30009 40063 52009 77177 8672/==
33837,2026,01,31,12,00,AAXX 31121 33837 /1250 83203 11067 21087 30018 40072 51009 77177 8672/ 333 1/103 60031=
33837,2026,01,31,15,00,AAXX 31151 33837 41250 83403 11072 21089 30037 40091 53019 77177 8672/==
33837,2026,01,31,18,00,AAXX 31181 33837 11478 83403 11072 21097 30044 40098 51007 60032 72272 885// 333 11058 88716 555 1/105=
33837,2026,01,31,21,00,AAXX 31211 33837 42481 83304 11081 21114 30061 40116 53017 85571 333 85715==
33837,2026,02,01,00,00,AAXX 01001 33837 /1480 83402 11083 21114 30081 40136 52020 78582 8635/ 555 1/107 69901=
33837,2026,02,01,03,00,AAXX 01031 33837 41476 83103 11085 21120 30100 40155 52019 78582 8635/ 333 55000==
33837,2026,02,01,06,00,AAXX 01061 33837 11684 73304 11097 21133 30114 40169 51014 69902 70282 85531 333 21100 47004 85644 555 17107=
33837,2026,02,01,09,00,AAXX 01091 33837 42582 33304 11089 21134 30134 40189 53020 82501==
33837,2026,02,01,12,00,AAXX 01121 33837 32484 63403 11070 21110 30134 40189 54000 83570 333 83712 555 1/105=
33837,2026,02,01,15,00,AAXX 01151 33837 42484 60104 11077 21110 30137 40192 53003 85571 333 85713==
33837,2026,02,01,18,00,AAXX 01181 33837 32483 60204 11087 21114 30131 40186 58006 85601 333 11066 85712 555 1/106=
33837,2026,02,01,21,00,AAXX 01211 33837 42483 70506 11087 21114 30123 40178 57008 86601 333 86713==
33837,2026,02,02,00,00,AAXX 02001 33837 32982 60205 11099 21130 30125 40180 53002 82031 555 1/107=
33837,2026,02,02,03,00,AAXX 02031 33837 42484 80104 11102 21131 30110 40165 58015 82604 333 55051 82710==
33837,2026,02,02,06,00,AAXX 02061 33837 32584 70105 11102 21136 30100 40155 56010 82574 333 21105 47003 555 17106=
33837,2026,02,02,09,00,AAXX 02091 33837 42577 70207 11086 21136 30101 40156 53001 82571==
33837,2026,02,02,12,00,AAXX 02121 33837 32584 60205 11066 21131 30101 40156 54000 82531 555 1/102=
33837,2026,02,02,15,00,AAXX 02151 33837 42/84 60103 11069 21118 30106 40161 53005 84031==
33837,2026,02,02,18,00,AAXX 02181 33837 32984 53605 11082 21127 30118 40173 53012 83031 333 11061 555 1/109=
33837,2026,02,02,21,00,AAXX 02211 33837 42/83 33603 11096 21129 30130 40185 52012 82031==
33837,2026,02,03,00,00,AAXX 03001 33837 32981 83603 11102 21155 30141 40197 52011 86051 555 1/108=
33837,2026,02,03,03,00,AAXX 03031 33837 NIL=
33837,2026,02,03,06,00,AAXX 03061 33837 32580 83602 11099 21146 30166 40219 51009 82551 333 21104 47003 555 17109=
33837,2026,02,03,09,00,AAXX 03091 33837 42/60 80201 11080 21129 30180 40235 51014 87051==
33837,2026,02,03,12,00,AAXX 03121 33837 32970 60401 11065 21122 30181 40236 51001 86030 555 1/000=
33837,2026,02,03,15,00,AAXX 03151 33837 42/80 51102 11065 21111 30192 40247 53011 85030==
33837,2026,02,03,18,00,AAXX 03181 33837 32984 61102 11053 21105 30200 40255 52008 86030 333 11052 555 1/105=
33837,2026,02,03,21,00,AAXX 03211 33837 42/84 21103 11041 21091 30209 40264 52009 82030==
33837,2026,02,04,00,00,AAXX 04001 33837 32482 51106 11030 21063 30202 40256 58007 83501 333 83716 555 1/105=
33837,2026,02,04,03,00,AAXX 04031 33837 42/84 31104 11016 21039 30196 40250 57006 82031 333 55036==
33837,2026,02,04,06,00,AAXX 04061 33837 32477 61206 11003 21032 30192 40246 57004 86530 333 21053 47002 86712 555 17101=
33837,2026,02,04,09,00,AAXX 04091 33837 42472 81207 11006 21038 30194 40248 53002 885// 333 88713==
33837,2026,02,04,12,00,AAXX 04121 33837 32564 81209 11009 21037 30173 40227 58021 8655/ 333 86623 555 1/000=
33837,2026,02,04,15,00,AAXX 04151 33837 42462 81107 11002 21024 30166 40220 56007 8755/ 333 87710==
33837,2026,02,04,18,00,AAXX 04181 33837 11421 81112 11010 21030 30149 40203 58017 69902 78582 883// 333 10002 555 1/101=
33837,2026,02,04,21,00,AAXX 04211 33837 41562 81210 11005 21016 30138 40191 56011 70282 8755/ 333 87623 555 1/101=
33837,2026,02,05,00,00,AAXX 05001 33837 /1457 81013 11016 21030 30122 40176 57016 78582 883// 555 1/101 69991=
33837,2026,02,05,03,00,AAXX 05031 33837 41460 81012 11015 21037 30110 40164 57012 78582 883// 333 55000==
33837,2026,02,05,06,00,AAXX 05061 33837 11357 81011 11012 21029 30105 40158 56005 69992 71082 885// 333 21017 47004 88707 555 17101=
33837,2026,02,05,09,00,AAXX 05091 33837 41357 81010 11010 21032 30098 40151 57007 71022 885// 333 88709==
33837,2026,02,05,12,00,AAXX 05121 33837 32462 81010 11001 21025 30079 40132 58019 86554 333 86710 555 1/000=
33837,2026,02,05,15,00,AAXX 05151 33837 42460 80908 10004 21015 30072 40125 56007 86504 333 86711==
33837,2026,02,05,18,00,AAXX 05181 33837 31358 80909 11001 21020 30065 40118 57007 71022 886// 333 10006 88707 555 1/000=
33837,2026,02,05,21,00,AAXX 05211 33837 41358 80908 11015 21035 30055 40108 57010 72682 883// 333 88909==
33837,2026,02,06,00,00,AAXX 06001 33837 /1357 80806 11022 21041 30040 40093 57015 71082 886// 333 88707 555 1/101 69901=
33837,2026,02,06,03,00,AAXX 06031 33837 41357 80707 11034 21049 30029 40083 57011 71022 886// 333 55000 88708==
33837,2026,02,06,06,00,AAXX 06061 33837 11359 80706 11035 21050 30019 40072 57010 69902 71022 885// 333 21036 42002 88707 555 12102=
33837,2026,02,06,09,00,AAXX 06091 33837 41257 80706 11031 21048 30008 40061 57011 71022 885// 333 88706==
33837,2026,02,06,12,00,AAXX 06121 33837 /1356 80706 11022 21036 39986 40039 58022 76662 8872/ 333 93402 555 1/000 60011=
33837,2026,02,06,15,00,AAXX 06151 33837 41322 80804 11010 21024 39977 40030 56009 76666 8872/==
33837,2026,02,06,18,00,AAXX 06181 33837 11330 80905 11007 21017 39968 40021 57009 60042 76666 8872/ 333 11006 93404 555 1/000=
33837,2026,02,06,21,00,AAXX 06211 33837 41112 80803 11003 21011 39964 40017 56004 71062 886// 333 88702==
33837,2026,02,07,00,00,AAXX 07001 33837 /1/02 90101 11001 21001 39960 40012 57004 74564 555 1/000 60011=
33837,2026,02,07,03,00,AAXX 07031 33837 41115 83001 11002 21009 39962 40014 53002 71042 886// 333 55000 88702==
33837,2026,02,07,06,00,AAXX 07061 33837 11114 80000 11001 21008 39968 40021 52006 60012 71042 886// 333 21007 40001 88702 555 10000=
33837,2026,02,07,09,00,AAXX 07091 33837 41127 83101 10002 21005 39978 40030 52010 71042 885// 333 87702==
33837,2026,02,07,12,00,AAXX 07121 33837 31266 83102 10000 21007 39974 40027 58004 70242 87509 333 87704 555 1/000=
33837,2026,02,07,15,00,AAXX 07151 33837 42363 83002 11002 21015 39983 40036 53009 885// 333 87707==
33837,2026,02,07,18,00,AAXX 07181 33837 32460 82901 10000 21016 39993 40046 52010 886// 333 10003 88711 555 1/000=
33837,2026,02,07,21,00,AAXX 07211 33837 41458 83001 10000 21017 39996 40049 51003 71022 886// 333 88711==
33837,2026,02,08,00,00,AAXX 08001 33837 31356 83101 11003 21020 39998 40051 52002 71022 886// 333 88708 555 1/100=
33837,2026,02,08,03,00,AAXX 08031 33837 41350 83101 11008 21027 39994 40047 58004 71022 885// 333 55000 88709==
33837,2026,02,08,06,00,AAXX 08061 33837 11456 83101 11014 21034 30001 40054 53007 69902 78082 86354 333 21015 40001 555 10101=
33837,2026,02,08,09,00,AAXX 08091 33837 41560 83102 11005 21035 30012 40065 52011 70282 8655/ 333 86630==
33837,2026,02,08,12,00,AAXX 08121 33837 /1560 73102 10002 21037 30008 40061 58004 70282 85530 333 85628 555 1/001 69911=
33837,2026,02,08,15,00,AAXX 08151 33837 42460 83303 11008 21040 30018 40071 53010 8655/ 333 86714==
33837,2026,02,08,18,00,AAXX 08181 33837 12460 83403 11023 21054 30038 40091 53020 69912 8555/ 333 10009 85716 555 1/101=
33837,2026,02,08,21,00,AAXX 08211 33837 41430 83403 11034 21062 30064 40118 53026 78582 883//==
33837,2026,02,09,00,00,AAXX 09001 33837 /1425 83503 11048 21063 30084 40138 51020 78582 883// 555 1/103 69991=
33837,2026,02,09,03,00,AAXX 09031 33837 41471 83503 11045 21079 30100 40154 52016 70282 885// 333 55002 88716==
33837,2026,02,09,06,00,AAXX 09061 33837 11584 50106 11067 21111 30128 40183 53028 60012 70282 83501 333 21069 47003 555 17104=
33837,2026,02,09,09,00,AAXX 09091 33837 42580 63604 11046 21110 30152 40206 52024 85501 333 85624==
33837,2026,02,09,12,00,AAXX 09121 33837 32579 63503 11036 21102 30149 40203 58003 85501 333 85623 555 1/001=
33837,2026,02,09,15,00,AAXX 09151 33837 42584 53604 11050 21102 30159 40214 53010 82531==
33837,2026,02,09,18,00,AAXX 09181 33837 32984 30103 11064 21108 30173 40228 52014 80001 333 11034 555 1/104=
33837,2026,02,09,21,00,AAXX 09211 33837 42983 00203 11072 21105 30181 40236 51008==
33837,2026,02,10,00,00,AAXX 10001 33837 32983 00604 11066 21100 30176 40231 58005 555 1/105=
33837,2026,02,10,03,00,AAXX 10031 33837 42475 60803 11065 21091 30167 40222 57009 85501 333 55067 85712==
33837,2026,02,10,06,00,AAXX 10061 33837 32482 50804 11051 21085 30165 40220 56002 83601 333 21075 42001 83712 555 12104=
33837,2026,02,10,09,00,AAXX 10091 33837 42977 21003 11036 21085 30161 40215 57004 80001==
33837,2026,02,10,12,00,AAXX 10121 33837 32983 01003 11031 21096 30144 40198 58017 555 1/001=
33837,2026,02,10,15,00,AAXX 10151 33837 42982 60903 11033 21091 30125 40179 57019 80001==
33837,2026,02,10,18,00,AAXX 10181 33837 32984 31203 11021 21086 30112 40166 56013 80001 333 11020 555 1/102=
33837,2026,02,10,21,00,AAXX 10211 33837 42984 21303 11015 21066 30095 40148 57017 80001==
33837,2026,02,11,00,00,AAXX 11001 33837 32580 61103 11016 21041 30080 40133 57015 85501 555 1/102=
33837,2026,02,11,03,00,AAXX 11031 33837 42467 71204 11021 21034 30061 40114 57019 85501 333 55063 85714==
33837,2026,02,11,06,00,AAXX 11061 33837 31156 81203 11014 21025 30052 40105 56009 71022 885// 333 21024 41998 88703 555 14101=
33837,2026,02,11,09,00,AAXX 11091 33837 41257 81304 11002 21015 30043 40096 57009 72682 883// 333 88906==
33837,2026,02,11,12,00,AAXX 11121 33837 /1465 81605 10019 20003 30020 40072 58023 70282 8655/ 333 86715 555 1/000 69901=
33837,2026,02,11,15,00,AAXX 11151 33837 42160 82101 10023 20011 30007 40059 56013 885// 333 88703==
33837,2026,02,11,18,00,AAXX 11181 33837 12469 82002 10038 20020 39999 40051 57008 69902 885// 333 10038 88716 555 1/001=
33837,2026,02,11,21,00,AAXX 11211 33837 42465 81902 10038 20023 39987 40039 57012 885// 333 88719==
33837,2026,02,12,00,00,AAXX 12001 33837 32480 82003 10046 20020 39973 40025 57014 885// 333 88719 555 1/001=
33837,2026,02,12,03,00,AAXX 12031 33837 42464 81903 10048 20031 39954 40005 57019 885// 333 55000 88713==
33837,2026,02,12,06,00,AAXX 12061 33837 31132 82002 10043 20034 39944 49996 56010 71022 886// 333 20034 88702 555 11001=
33837,2026,02,12,09,00,AAXX 12091 33837 41044 81903 10053 20044 39933 49984 57011 71022 886// 333 88701==
33837,2026,02,12,12,00,AAXX 12121 33837 32260 81904 10080 20056 39914 49965 58019 86551 333 86706 555 1/008=
33837,2026,02,12,15,00,AAXX 12151 33837 41156 71803 10059 20047 39910 49961 56004 71022 85650 333 85703==
33837,2026,02,12,18,00,AAXX 12181 33837 31118 81803 10055 20048 39912 49963 53002 72842 886// 333 10081 88702 555 1/003=
33837,2026,02,12,21,00,AAXX 12211 33837 41142 71903 10045 20038 39904 49955 58008 71022 87600 333 87702==
33837,2026,02,13,00,00,AAXX 13001 33837 31146 70201 10023 20016 39895 49947 57009 72842 82650 333 82702 555 1/001=
33837,2026,02,13,03,00,AAXX 13031 33837 41121 80101 10019 20012 39887 49939 57008 71022 886// 333 55006 88702==
33837,2026,02,13,06,00,AAXX 13061 33837 11/03 93602 10020 20020 39885 49937 56002 69932 74564 333 20017 555 11002=
33837,2026,02,13,09,00,AAXX 13091 33837 41145 80302 10029 20022 39886 49937 53001 71042 886// 333 88702==
33837,2026,02,13,12,00,AAXX 13121 33837 /1/08 90102 10041 20041 39877 49928 58009 74554 555 1/006 69901=
33837,2026,02,13,15,00,AAXX 13151 33837 41/04 93602 10044 20044 39877 49928 54000 74564 89///==
33837,2026,02,13,18,00,AAXX 13181 33837 11/02 90102 10043 20043 39887 49938 53010 69912 74564 333 10046 555 1/004=
33837,2026,02,13,21,00,AAXX 13211 33837 41/03 93401 10041 20041 39883 49934 58004 76164 89///==
33837,2026,02,14,00,00,AAXX 14001 33837 /1231 83102 10036 20030 39884 49935 53001 76164 8872/ 555 1/003 60041=
33837,2026,02,14,03,00,AAXX 14031 33837 41233 82904 10033 20027 39891 49942 53007 76166 8872/ 333 55000==
33837,2026,02,14,06,00,AAXX 14061 33837 11357 83004 10040 20033 39919 49970 53028 60072 76166 8872/ 333 20028 555 11004=
33837,2026,02,14,09,00,AAXX 14091 33837 41465 72901 10073 20054 39947 49998 52028 70262 86501 333 86710 555 1/013=
33837,2026,02,14,12,00,AAXX 14121 33837 /1269 72903 10070 20043 39976 40027 52029 70262 85501 333 85704 555 1/015 69901=
33837,2026,02,14,15,00,AAXX 14151 33837 41157 72802 10046 20031 30013 40065 53037 71022 86601 333 86703==
33837,2026,02,14,18,00,AAXX 14181 33837 11903 92603 10032 20032 30049 40101 52036 69902 74742 333 10080 555 1/004=
33837,2026,02,14,21,00,AAXX 14211 33837 41903 91901 10033 20033 30057 40109 51008 74544 89///==
33837,2026,02,15,00,00,AAXX 15001 33837 31903 92102 10034 20034 30069 40121 52012 74544 555 1/004=
33837,2026,02,15,03,00,AAXX 15031 33837 41902 91202 10030 20030 30060 40112 58009 74544 89/// 333 55037==
33837,2026,02,15,06,00,AAXX 15061 33837 11902 91502 10040 20040 30054 40106 57006 60022 76164 333 20027 96045 555 11004=
33837,2026,02,15,09,00,AAXX 15091 33837 41/08 91403 10047 20047 30030 40082 58024 74364 89///==
33837,2026,02,15,12,00,AAXX 15121 33837 /1257 81604 10058 20052 30002 40054 57028 71064 8557/ 333 85704 555 1/008 60031=
33837,2026,02,15,15,00,AAXX 15151 33837 42562 81806 10066 20048 39973 40024 57029 8357/==
33837,2026,02,15,18,00,AAXX 15181 33837 11458 81805 10062 20050 39941 49992 57032 60032 76162 8872/ 333 10071 555 1/006=
33837,2026,02,15,21,00,AAXX 15211 33837 41458 82306 10062 20052 39899 49950 58042 76166 8872/==
33837,2026,02,16,00,00,AAXX 16001 33837 /1484 82805 10033 20020 39907 49959 53008 72162 8557/ 333 85711 555 1/004 60041=
33837,2026,02,16,03,00,AAXX 16031 33837 42483 82806 10000 21024 39958 40010 53051 885// 333 55000 88712==
33837,2026,02,16,06,00,AAXX 16061 33837 12480 53106 11018 21051 30002 40055 51044 60042 83530 333 21020 83715 555 11000=
33837,2026,02,16,09,00,AAXX 16091 33837 42478 82903 11006 21045 30019 40072 51017 85534 333 85716==
33837,2026,02,16,12,00,AAXX 16121 33837 32580 63003 10017 21046 30024 40076 51005 82531 555 1/012=
33837,2026,02,16,15,00,AAXX 16151 33837 42/80 72802 10004 21048 30021 40074 58003 86031==
33837,2026,02,16,18,00,AAXX 16181 33837 32971 83401 11007 21044 30027 40080 53006 8805/ 333 10024 555 1/002=
33837,2026,02,16,21,00,AAXX 16211 33837 42/66 83601 11014 21046 30028 40081 51001 8805/==
33837,2026,02,17,00,00,AAXX 17001 33837 32970 60603 11020 21049 30025 40074 58003 86031 555 1/100=
33837,2026,02,17,03,00,AAXX 17031 33837 42570 80503 11023 21052 30013 40065 58012 8653/ 333 55036==
33837,2026,02,17,06,00,AAXX 17061 33837 32465 80602 11021 21042 30019 40068 53006 886// 333 21026 88708 555 14101=
33837,2026,02,17,09,00,AAXX 17091 33837 42370 80605 11019 21043 30017 40066 58002 886// 333 88708==
33837,2026,02,17,12,00,AAXX 17121 33837 32470 80507 11008 21036 30006 40059 58011 885// 333 88711 555 1/001=
33837,2026,02,17,15,00,AAXX 17151 33837 42471 80306 11004 21033 30006 40059 54000 885// 333 88713==
33837,2026,02,17,18,00,AAXX 17181 33837 11443 80408 11008 21032 30003 40056 58003 69922 78582 883// 333 11002 555 1/100=
33837,2026,02,17,21,00,AAXX 17211 33837 41458 80411 11011 21035 39993 40046 58010 78582 883//==
33837,2026,02,18,00,00,AAXX 18001 33837 /1461 80408 11010 21035 39990 40043 56003 70282 885// 333 88712 555 1/100 69941=
33837,2026,02,18,03,00,AAXX 18031 33837 41356 80308 11014 21031 39973 40026 58017 71022 885// 333 55000 88708==
33837,2026,02,18,06,00,AAXX 18061 33837 12461 80209 11019 21042 39964 40017 56009 69942 885// 333 21019 46998 88711 555 16101=
33837,2026,02,18,09,00,AAXX 18091 33837 41344 83606 11018 21032 39956 40009 57008 76786 8872/==
33837,2026,02,18,12,00,AAXX 18121 33837 /1331 83505 11015 21029 39941 49994 58015 76786 8872/ 333 93405 555 1/000 60081=
33837,2026,02,18,15,00,AAXX 18151 33837 41/08 93106 11033 21043 39944 49997 53003 78687 89///==
33837,2026,02,18,18,00,AAXX 18181 33837 11421 83106 11056 21070 39961 40015 53017 60162 78587 883// 333 11013 92982 555 1/104=
33837,2026,02,18,21,00,AAXX 18211 33837 41457 83109 11060 21074 39981 40035 52020 78583 883//==
33837,2026,02,19,00,00,AAXX 19001 33837 /1460 83009 11060 21075 30008 40062 53027 78583 883// 333 92981 555 1/105 60011=
33837,2026,02,19,03,00,AAXX 19031 33837 41580 32905 11058 21073 30043 40097 53035 70283 83500 333 55000==
33837,2026,02,19,06,00,AAXX 19061 33837 11969 22805 11056 21079 30077 40131 52034 60012 70283 80001 333 21064 47004 555 17105=
33837,2026,02,19,09,00,AAXX 19091 33837 42982 22803 11012 21063 30102 40155 53025 82051 555 1/000=
33837,2026,02,19,12,00,AAXX 19121 33837 32967 22601 10023 21044 30115 40168 53013 80001 555 1/000=
33837,2026,02,19,15,00,AAXX 19151 33837 42963 30000 10009 21036 30126 40179 52011 80001==
33837,2026,02,19,18,00,AAXX 19181 33837 32961 62201 11003 21035 30136 40189 52010 83051 333 10028 555 1/105=
33837,2026,02,19,21,00,AAXX 19211 33837 42/65 61901 10008 21021 30135 40188 58001 85051==
33837,2026,02,20,00,00,AAXX 20001 33837 32964 81901 10025 20010 30131 40184 57004 86054 555 1/100=
33837,2026,02,20,03,00,AAXX 20031 33837 42/68 81703 10034 20021 30120 40173 58011 85054 333 55084==
33837,2026,02,20,06,00,AAXX 20061 33837 32562 81902 10046 20034 30118 40170 56002 82551 333 21003 43003 555 13000=
33837,2026,02,20,09,00,AAXX 20091 33837 42570 81902 10073 20044 30120 40172 53002 83631 333 83720==
33837,2026,02,20,12,00,AAXX 20121 33837 31258 83602 10053 20033 30128 40180 53008 71022 885// 333 88704 555 1/000=
33837,2026,02,20,15,00,AAXX 20151 33837 41358 83305 10014 21004 30156 40209 53028 71022 885// 333 88709==
33837,2026,02,20,18,00,AAXX 20181 33837 31457 63505 11003 21024 30189 40243 53033 71022 86500 333 10086 86713 555 1/100=
33837,2026,02,20,21,00,AAXX 20211 33837 42461 60106 11018 21045 30211 40265 51022 83530 333 83712==
33837,2026,02,21,00,00,AAXX 21001 33837 32984 50105 11021 21074 30223 40277 51012 83031 555 1/101=
33837,2026,02,21,03,00,AAXX 21031 33837 42984 50408 11023 21074 30223 40277 54000 82031 333 55017 555 1/102=
33837,2026,02,21,06,00,AAXX 21061 33837 32973 80408 11025 21070 30234 40288 53011 83031 333 21026 41998 555 14102=
33837,2026,02,21,09,00,AAXX 21091 33837 42570 60706 11010 21065 30229 40283 58005 82559==
33837,2026,02,21,12,00,AAXX 21121 33837 32582 70606 11002 21054 30211 40265 58018 82570 555 1/001=
33837,2026,02,21,15,00,AAXX 21151 33837 42/80 70406 10013 21032 30197 40250 57014 87050==
33837,2026,02,21,18,00,AAXX 21181 33837 32570 80405 10007 21032 30188 40242 57009 82551 333 10013 555 1/000=
33837,2026,02,21,21,00,AAXX 21211 33837 42/63 60103 11006 21036 30180 40234 57008 83051==
33837,2026,02,22,00,00,AAXX 22001 33837 32563 83502 11017 21049 30168 40222 57012 82551 555 1/101=
33837,2026,02,22,03,00,AAXX 22031 33837 42/70 63503 11034 21067 30155 40209 57013 82031 333 55000==
33837,2026,02,22,06,00,AAXX 22061 33837 32975 63303 11034 21083 30152 40206 56003 83051 333 21037 41998 555 14102=
33837,2026,02,22,09,00,AAXX 22091 33837 42/75 53403 10014 21069 30147 40200 57005 82031==
33837,2026,02,22,12,00,AAXX 22121 33837 32982 33303 10040 21060 30134 40187 58013 80001 555 1/009=
33837,2026,02,22,15,00,AAXX 22151 33837 42/82 53302 10023 21071 30131 40184 56003 82031==
33837,2026,02,22,18,00,AAXX 22181 33837 32984 23304 10007 21088 30140 40193 53009 80001 333 10045 555 1/100=
33837,2026,02,22,21,00,AAXX 22211 33837 42983 03202 11011 21090 30138 40192 58002==
33837,2026,02,23,00,00,AAXX 23001 33837 32981 02902 11012 21060 30130 40184 58008 555 1/102=
33837,2026,02,23,03,00,AAXX 23031 33837 42978 02601 11016 21053 30123 40177 57007 333 55077==
33837,2026,02,23,06,00,AAXX 23061 33837 32975 60000 11008 21036 30118 40171 57005 80001 333 21026 41998 555 14101=
33837,2026,02,23,09,00,AAXX 23091 33837 42967 51704 10027 21013 30110 40163 57008 80001==
33837,2026,02,23,12,00,AAXX 23121 33837 32964 71703 10033 20009 30093 40145 58017 86051 555 1/009=
33837,2026,02,23,15,00,AAXX 23151 33837 42/68 82003 10042 20014 30079 40131 57014 8807/==
33837,2026,02,23,18,00,AAXX 23181 33837 32963 82302 10037 20016 30072 40124 56007 8807/ 333 10054 555 1/003=
33837,2026,02,23,21,00,AAXX 23211 33837 41443 82701 10025 20004 30066 40119 57006 76186 8872/==
33837,2026,02,24,00,00,AAXX 24001 33837 /1312 82601 10020 20010 30056 40109 57010 76386 8872/ 555 1/002 60031=
33837,2026,02,24,03,00,AAXX 24031 33837 41419 82702 10021 20012 30044 40096 57012 72162 885// 333 55061 88712==
33837,2026,02,24,06,00,AAXX 24061 33837 11556 72801 10019 20010 30049 40102 53005 60042 71062 83531 333 20018 83627 555 11002=
33837,2026,02,24,09,00,AAXX 24091 33837 42/82 63301 10073 20012 30047 40099 58002 82034==
33837,2026,02,24,12,00,AAXX 24121 33837 32980 60103 10071 20018 30042 40094 57005 82034 555 1/016=
33837,2026,02,24,15,00,AAXX 24151 33837 42684 80000 10060 20013 30049 40101 53007 8555/ 333 85648 555 1/008=
33837,2026,02,24,18,00,AAXX 24181 33837 11481 80000 10057 20014 30056 40108 52007 69902 72582 883// 333 10082 88911 555 1/006=
33837,2026,02,24,21,00,AAXX 24211 33837 41582 80000 10041 20016 30065 40117 52009 70282 885// 333 88631==
33837,2026,02,25,00,00,AAXX 25001 33837 /1680 83001 10040 20010 30067 40119 51002 70282 885// 333 88636 555 1/004 69901=
33837,2026,02,25,03,00,AAXX 25031 33837 41256 83103 10033 20018 30076 40128 53009 71022 885// 333 55059 88706==
33837,2026,02,25,06,00,AAXX 25061 33837 11372 83004 10031 20011 30091 40144 53015 69902 72582 883// 333 20031 88909 555 11004=
33837,2026,02,25,09,00,AAXX 25091 33837 41281 83106 10037 20009 30099 40151 51008 72582 8635/ 333 86705==
33837,2026,02,25,12,00,AAXX 25121 33837 /1583 73106 10047 20003 30104 40156 52005 70282 85574 333 85622 555 1/010 69901=
33837,2026,02,25,15,00,AAXX 25151 33837 42584 63305 10031 21020 30123 40176 53019 85550 333 85621==
33837,2026,02,25,18,00,AAXX 25181 33837 12584 83303 10016 21031 30145 40198 52022 69902 8257/ 333 10054 555 1/002=
33837,2026,02,25,21,00,AAXX 25211 33837 42584 83102 10013 21034 30157 40210 51012 8257/==
33837,2026,02,26,00,00,AAXX 26001 33837 32584 83204 10010 21037 30174 40227 53017 8257/ 555 1/000=
33837,2026,02,26,03,00,AAXX 26031 33837 42484 83104 10007 21027 30187 40241 52013 8557/ 333 55000 85717 555 1/000=
33837,2026,02,26,06,00,AAXX 26061 33837 32482 83504 10012 21019 30201 40254 52014 885// 333 20006 88712 555 11001=
33837,2026,02,26,09,00,AAXX 26091 33837 42470 83503 10007 21030 30220 40274 53019 885// 333 87714==
33837,2026,02,26,12,00,AAXX 26121 33837 32462 83303 10003 21038 30224 40278 51004 885// 333 87715 555 1/003=
33837,2026,02,26,15,00,AAXX 26151 33837 42467 73303 11002 21046 30231 40285 52007 87600 333 87717 555 1/001=
33837,2026,02,26,18,00,AAXX 26181 33837 32580 83303 10000 21043 30245 40299 53014 886// 333 10012 88721 555 1/000=
33837,2026,02,26,21,00,AAXX 26211 33837 42476 83302 11002 21041 30244 40298 58001 886// 333 88718==
33837,2026,02,27,00,00,AAXX 27001 33837 32469 83203 11001 21038 30242 40296 57002 886// 333 88718 555 1/000=
33837,2026,02,27,03,00,AAXX 27031 33837 42461 83303 10001 21026 30241 40295 57001 885// 333 55000 88714==
33837,2026,02,27,06,00,AAXX 27061 33837 32460 83402 10003 21021 30247 40301 53006 86501 333 21003 86711 555 11001=
33837,2026,02,27,09,00,AAXX 27091 33837 42461 83603 10027 21011 30252 40305 52005 86501 333 86713==
33837,2026,02,27,12,00,AAXX 27121 33837 32465 83502 10031 21005 30247 40300 58005 885// 333 88714 555 1/007=
33837,2026,02,27,15,00,AAXX 27151 33837 42476 83402 10028 21006 30244 40297 57003 87501 333 87714==
33837,2026,02,27,18,00,AAXX 27181 33837 32464 83302 10016 21013 30253 40307 53009 885// 333 10041 88714 555 1/002=
33837,2026,02,27,21,00,AAXX 27211 33837 42961 23302 11001 21025 30253 40307 54000 80001==
33837,2026,02,28,00,00,AAXX 28001 33837 32961 23102 11008 21027 30250 40304 58003 82030 555 1/101=
33837,2026,02,28,03,00,AAXX 28031 33837 41/56 33101 11014 21031 30247 40301 57003 71000 82031 333 55006==
33837,2026,02,28,06,00,AAXX 28061 33837 31956 23602 11001 21022 30253 40307 53006 71000 80001 333 21017 555 14101=
33837,2026,02,28,09,00,AAXX 28091 33837 42961 20502 10017 21021 30258 40312 52005 80001==
33837,2026,02,28,12,00,AAXX 28121 33837 32962 21301 10029 21013 30249 40302 58009 80001 555 1/018=
33837,2026,02,28,15,00,AAXX 28151 33837 42966 20000 10039 21021 30247 40300 56002 80001 555 1/007=
33837,2026,02,28,18,00,AAXX 28181 33837 32962 20000 10033 21009 30247 40300 54000 82031 333 10042 555 1/000=
33837,2026,02,28,21,00,AAXX 28211 33837 42/61 70000 10031 21002 30245 40298 58002 86031==
33837,2026,03,01,00,00,AAXX 01001 33837 31941 80000 10005 21014 30243 40297 57002 71011 8803/ 555 1/101=
33837,2026,03,01,03,00,AAXX 01031 33837 41/33 80000 11003 21016 30240 40294 57003 71022 8803/ 333 55094==
33837,2026,03,01,06,00,AAXX 01061 33837 31950 50101 10017 20004 30247 40301 53007 71022 82031 333 21011 555 14100=
33837,2026,03,01,09,00,AAXX 01091 33837 42964 02402 10078 20008 30242 40294 58005==
33837,2026,03,01,12,00,AAXX 01121 33837 32961 31804 10069 20014 30229 40282 58013 80001 555 1/020=
33837,2026,03,01,15,00,AAXX 01151 33837 42964 01902 10067 20018 30228 40281 56001 555 1/008=
33837,2026,03,01,18,00,AAXX 01181 33837 32967 02403 10053 20016 30223 40276 57005 333 10103 555 1/002=
33837,2026,03,01,21,00,AAXX 01211 33837 42961 02502 10030 20007 30219 40272 57004==
33837,2026,03,02,00,00,AAXX 02001 33837 32969 02501 10026 21012 30209 40262 58010 555 1/101=
33837,2026,03,02,03,00,AAXX 02031 33837 42982 02601 10016 21027 30198 40251 57011 333 55097==
33837,2026,03,02,06,00,AAXX 02061 33837 32976 32502 10029 21016 30199 40252 53001 82031 333 20011 555 14000=
33837,2026,03,02,09,00,AAXX 02091 33837 42972 82303 10069 20010 30195 40247 58004 80004==
33837,2026,03,02,12,00,AAXX 02121 33837 32975 82702 10075 20014 30190 40242 57005 80004 555 1/015=
33837,2026,03,02,15,00,AAXX 02151 33837 42967 83001 10055 20012 30189 40242 57001 80004==
33837,2026,03,02,18,00,AAXX 02181 33837 31957 82702 10054 20031 30190 40243 53001 71022 80004 333 10089 555 1/005=
33837,2026,03,02,21,00,AAXX 02211 33837 41557 83102 10064 20041 30193 40245 52003 71022 83504==
33837,2026,03,03,00,00,AAXX 03001 33837 32566 83204 10048 20006 30196 40249 52003 85554 555 1/004=
33837,2026,03,03,03,00,AAXX 03031 33837 42566 83002 10039 21001 30193 40246 58003 8355/ 333 55076==
33837,2026,03,03,06,00,AAXX 03061 33837 32575 52902 10043 21007 30196 40249 53003 82531 333 20029 555 10004=
33837,2026,03,03,09,00,AAXX 03091 33837 42/78 53002 10103 20011 30190 40242 58006 83031 333 83301==
33837,2026,03,03,12,00,AAXX 03121 33837 /1481 82902 10085 20014 30183 40235 57007 78082 86301 555 1/011 69901=
33837,2026,03,03,15,00,AAXX 03151 33837 41569 83103 10082 20016 30185 40237 53002 70282 86531 333 86629==
33837,2026,03,03,18,00,AAXX 03181 33837 11684 53302 10053 21010 30204 40257 53019 69902 70282 85500 333 10111 85647 555 1/003=
33837,2026,03,03,21,00,AAXX 03211 33837 42/84 23303 10034 21021 30217 40270 51013 82030==
33837,2026,03,04,00,00,AAXX 04001 33837 32984 22901 10011 21027 30229 40283 52012 82030 555 1/101=
33837,2026,03,04,03,00,AAXX 04031 33837 42984 22901 10000 21029 30228 40282 58001 80001 333 55062==
33837,2026,03,04,06,00,AAXX 04061 33837 32979 22702 10019 21022 30235 40289 53007 82030 333 21008 555 10001=
33837,2026,03,04,09,00,AAXX 04091 33837 42982 01602 10046 20000 30231 40284 58004==
33837,2026,03,04,12,00,AAXX 04121 33837 32981 01803 10059 20000 30214 40267 58017 555 1/021=
33837,2026,03,04,15,00,AAXX 04151 33837 42571 52201 10075 20014 30200 40252 57014 82530==
33837,2026,03,04,18,00,AAXX 04181 33837 32980 02404 10064 20005 30186 40238 57014 333 10080 555 1/004=
33837,2026,03,04,21,00,AAXX 04211 33837 42969 32504 10065 20022 30174 40226 57012 80001==
33837,2026,03,05,00,00,AAXX 05001 33837 32962 02703 10050 20020 30160 40213 57014 555 1/003=
33837,2026,03,05,03,00,AAXX 05031 33837 42/66 32703 10056 20019 30146 40198 57014 83030 333 55102==
33837,2026,03,05,06,00,AAXX 05061 33837 32566 62802 10071 20024 30146 40198 54000 82530 333 20048 555 10006=
33837,2026,03,05,09,00,AAXX 05091 33837 42/84 33103 10089 20004 30154 40206 53008 82039==
33837,2026,03,05,12,00,AAXX 05121 33837 32983 03104 10106 21046 30144 40195 58010 555 1/026=
33837,2026,03,05,15,00,AAXX 05151 33837 42/83 23102 10096 21044 30143 40195 56001 82031==
33837,2026,03,05,18,00,AAXX 05181 33837 32984 23103 10076 21027 30150 40202 53007 80001 333 10112 555 1/004=
33837,2026,03,05,21,00,AAXX 05211 33837 42584 53003 10052 21019 30154 40206 52004 82551==
33837,2026,03,06,00,00,AAXX 06001 33837 32982 32802 10026 21023 30152 40205 58002 80001 555 1/000=
33837,2026,03,06,03,00,AAXX 06031 33837 42582 62903 10027 21020 30149 40202 57003 84501 333 55096==
33837,2026,03,06,06,00,AAXX 06061 33837 32980 23003 10034 21015 30155 40208 53006 80001 333 20015 555 10005=
33837,2026,03,06,09,00,AAXX 06091 33837 42980 23106 10072 21010 30164 40216 52009 80001==
33837,2026,03,06,12,00,AAXX 06121 33837 32683 63305 10086 21012 30171 40223 52007 83531 333 83645 555 1/020=
33837,2026,03,06,15,00,AAXX 06151 33837 42784 73403 10064 21020 30192 40244 53021 85531 333 85650==
33837,2026,03,06,18,00,AAXX 06181 33837 32684 73602 10044 21006 30218 40271 53026 87500 333 10102 87646 555 1/003=
33837,2026,03,06,21,00,AAXX 06211 33837 42/84 20102 10021 21010 30233 40286 51015 82030==
33837,2026,03,07,00,00,AAXX 07001 33837 32984 22701 10002 21030 30245 40299 52012 82030 555 1/103=
33837,2026,03,07,03,00,AAXX 07031 33837 42/72 22701 11006 21028 30251 40305 51006 80030 333 55088==
33837,2026,03,07,06,00,AAXX 07061 33837 32968 22701 10023 21015 30260 40314 52009 80001 333 21013 555 10003=
33837,2026,03,07,09,00,AAXX 07091 33837 42965 00902 10038 21002 30265 40318 52005==
33837,2026,03,07,12,00,AAXX 07121 33837 32980 21503 10044 21018 30260 40313 58005 82030 555 1/023=
33837,2026,03,07,15,00,AAXX 07151 33837 42984 01802 10034 21017 30252 40305 57008==
33837,2026,03,07,18,00,AAXX 07181 33837 32983 02302 10029 21026 30252 40305 54000 333 10051 555 1/101=
33837,2026,03,07,21,00,AAXX 07211 33837 42982 22402 10030 21017 30255 40308 53003 80001==
33837,2026,03,08,00,00,AAXX 08001 33837 32984 22501 10027 21009 30252 40305 58003 82030 555 1/102=
33837,2026,03,08,03,00,AAXX 08031 33837 42984 52302 10028 20002 30248 40301 57004 80001 333 55114==
33837,2026,03,08,06,00,AAXX 08061 33837 32970 22201 10045 20008 30256 40309 53008 80001 333 20021 555 10004=
33837,2026,03,08,09,00,AAXX 08091 33837 42983 60701 10048 20023 30267 40320 52011 80001==
33837,2026,03,08,12,00,AAXX 08121 33837 32979 81602 10057 20022 30266 40319 58001 82034 555 1/023=
33837,2026,03,08,15,00,AAXX 08151 33837 42/82 51901 10047 20024 30267 40320 53001 82031==
33837,2026,03,08,18,00,AAXX 08181 33837 32970 32601 10042 21006 30276 40329 53009 80001 333 10062 555 1/002=
33837,2026,03,08,21,00,AAXX 08211 33837 42981 02802 10038 21010 30282 40335 52006==
33837,2026,03,09,00,00,AAXX 09001 33837 32972 02801 10032 21001 30285 40339 52003 555 1/101=
33837,2026,03,09,03,00,AAXX 09031 33837 42971 03001 10015 21009 30290 40344 52005 333 55103==
33837,2026,03,09,06,00,AAXX 09061 33837 32971 50000 10041 20006 30298 40351 52008 80001 333 20007 555 10005=
33837,2026,03,09,09,00,AAXX 09091 33837 42961 20901 10070 20023 30303 40356 52005 80001==
33837,2026,03,09,12,00,AAXX 09121 33837 32974 51803 10095 20004 30295 40347 58008 80001 555 1/024=
33837,2026,03,09,15,00,AAXX 09151 33837 42983 31702 10082 20002 30287 40340 57008 80001==
33837,2026,03,09,18,00,AAXX 09181 33837 32979 22602 10060 20005 30289 40342 53002 80001 333 10104 555 1/004=
33837,2026,03,09,21,00,AAXX 09211 33837 42981 22602 10070 21005 30288 40341 58001 80001==
33837,2026,03,10,00,00,AAXX 10001 33837 32984 22603 10057 21004 30285 40338 57003 80001 555 1/002=
33837,2026,03,10,03,00,AAXX 10031 33837 42984 22701 10039 21013 30286 40339 53001 80001 333 55106==
33837,2026,03,10,06,00,AAXX 10061 33837 32970 01601 10063 20010 30288 40341 52002 333 20025 555 10005=
33837,2026,03,10,09,00,AAXX 10091 33837 42980 01703 10082 20002 30286 40339 58002==
33837,2026,03,10,12,00,AAXX 10121 33837 32974 01705 10067 20016 30276 40329 58010 555 1/022=
33837,2026,03,10,15,00,AAXX 10151 33837 42984 02002 10072 21005 30267 40320 57009==
33837,2026,03,10,18,00,AAXX 10181 33837 32984 02202 10067 21041 30269 40322 53002 333 10089 555 1/003=
33837,2026,03,10,21,00,AAXX 10211 33837 42984 02502 10053 21045 30268 40321 58001==
33837,2026,03,11,00,00,AAXX 11001 33837 32981 00000 10045 21053 30264 40317 57004 555 1/101=
33837,2026,03,11,03,00,AAXX 11031 33837 41950 02202 10030 20015 30260 40313 57004 71000 333 55114==
33837,2026,03,11,06,00,AAXX 11061 33837 31947 00602 10034 20011 30264 40317 53004 71040 333 20018 555 10004=
33837,2026,03,11,09,00,AAXX 11091 33837 41158 31802 10052 20040 30263 40316 58001 72840 82601 333 82702==
33837,2026,03,11,12,00,AAXX 11121 33837 31982 01702 10073 20034 30245 40298 58018 70240 555 1/024=
33837,2026,03,11,15,00,AAXX 11151 33837 42982 01901 10081 20026 30230 40282 57015==
33837,2026,03,11,18,00,AAXX 11181 33837 32975 02001 10057 20027 30231 40284 53001 333 10092 555 1/004=
33837,2026,03,11,21,00,AAXX 11211 33837 42970 01901 10052 20031 30233 40286 52002==
33837,2026,03,12,00,00,AAXX 12001 33837 31946 00000 10033 20023 30223 40276 58010 71000 555 1/101=
33837,2026,03,12,03,00,AAXX 12031 33837 41914 00000 10024 20015 30218 40271 56005 72840 333 55104==
33837,2026,03,12,06,00,AAXX 12061 33837 31981 03601 10044 20014 30220 40273 53002 70240 333 20021 555 10005=
33837,2026,03,12,09,00,AAXX 12091 33837 42982 30202 10075 20016 30221 40273 52001 80001==
33837,2026,03,12,12,00,AAXX 12121 33837 32977 21702 10100 20014 30211 40263 58010 80001 555 1/026=
33837,2026,03,12,15,00,AAXX 12151 33837 42982 00000 10111 20011 30205 40257 57006==
33837,2026,03,12,18,00,AAXX 12181 33837 32964 02601 10074 20004 30207 40259 53002 333 10122 555 1/005=
33837,2026,03,12,21,00,AAXX 12211 33837 42981 00901 10082 20009 30211 40263 52004==
33837,2026,03,13,00,00,AAXX 13001 33837 32976 00201 10054 20013 30202 40255 58009 555 1/000=
33837,2026,03,13,03,00,AAXX 13031 33837 42979 03602 10050 20002 30199 40252 56003 333 55104==
33837,2026,03,13,06,00,AAXX 13061 33837 32981 00102 10058 20002 30203 40256 53004 333 20041 555 10005=
33837,2026,03,13,09,00,AAXX 13091 33837 42980 20203 10072 20023 30204 40256 52001 80001==
33837,2026,03,13,12,00,AAXX 13121 33837 32974 00402 10105 20011 30186 40238 58018 555 1/027=
33837,2026,03,13,15,00,AAXX 13151 33837 42984 00501 10112 21016 30173 40224 56013==
33837,2026,03,13,18,00,AAXX 13181 33837 32980 01802 10083 20000 30172 40224 56001 333 10116 555 1/005=
33837,2026,03,13,21,00,AAXX 13211 33837 42978 00904 10051 20009 30172 40225 54000==
33837,2026,03,14,00,00,AAXX 14001 33837 32972 00704 10048 20013 30161 40214 58011 555 1/002=
33837,2026,03,14,03,00,AAXX 14031 33837 42970 00704 10037 20016 30154 40207 57007 333 55107==
33837,2026,03,14,06,00,AAXX 14061 33837 32972 20804 10044 20018 30153 40206 56001 80001 333 20035 555 10005=
33837,2026,03,14,09,00,AAXX 14091 33837 42961 00905 10054 20022 30153 40205 54000==
33837,2026,03,14,12,00,AAXX 14121 33837 32965 00403 10071 20026 30136 40188 58017 555 1/024=
33837,2026,03,14,15,00,AAXX 14151 33837 42974 00304 10090 20017 30120 40172 57016==
33837,2026,03,14,18,00,AAXX 14181 33837 32972 01005 10066 20029 30128 40180 53008 333 10092 555 1/005=
33837,2026,03,14,21,00,AAXX 14211 33837 42976 00603 10058 20010 30119 40171 58009==
33837,2026,03,15,00,00,AAXX 15001 33837 32983 00404 10051 21001 30110 40162 57009 555 1/002=
33837,2026,03,15,03,00,AAXX 15031 33837 42983 20506 10046 21020 30104 40156 57006 80001 333 55100==
33837,2026,03,15,06,00,AAXX 15061 33837 32981 70607 10044 21022 30102 40154 57002 80004 333 20037 555 10005 30001=
33837,2026,03,15,09,00,AAXX 15091 33837 42962 60706 10058 21009 30109 40161 53007 80004==
33837,2026,03,15,12,00,AAXX 15121 33837 32966 60704 10084 20011 30104 40156 58005 80004 555 1/024=
33837,2026,03,15,15,00,AAXX 15151 33837 42980 70602 10093 20000 30100 40151 57004 80004==
33837,2026,03,15,18,00,AAXX 15181 33837 32969 60000 10069 20012 30112 40164 53012 83031 333 10096 555 1/003=
33837,2026,03,15,21,00,AAXX 15211 33837 42968 62901 10072 20015 30108 40160 58004 86030 555 1/005=
33837,2026,03,16,00,00,AAXX 16001 33837 32980 63603 10073 20012 30106 40158 57002 86030 555 1/005=
33837,2026,03,16,03,00,AAXX 16031 33837 42/82 60101 10054 20002 30109 40161 53003 86030 333 55066==
33837,2026,03,16,06,00,AAXX 16061 33837 32980 50304 10046 21006 30120 40172 53011 80001 333 20039 555 10007 30001=
33837,2026,03,16,09,00,AAXX 16091 33837 42982 60502 10069 20004 30125 40177 51005 80001 555 1/025=
33837,2026,03,16,12,00,AAXX 16121 33837 32570 61101 10097 21008 30118 40169 58007 82101 555 1/029=
33837,2026,03,16,15,00,AAXX 16151 33837 42582 51901 10097 21020 30118 40169 54000 82401==
33837,2026,03,16,18,00,AAXX 16181 33837 32965 72701 10083 21015 30126 40178 53008 86031 333 10106 555 1/006=
33837,2026,03,16,21,00,AAXX 16211 33837 42/69 63502 10074 21001 30130 40182 52004 83031==
33837,2026,03,17,00,00,AAXX 17001 33837 32981 53501 10066 21008 30133 40185 52003 82031 555 1/002=
33837,2026,03,17,03,00,AAXX 17031 33837 42982 33302 10052 21006 30133 40185 54000 82031 333 55103 555 1/000=
33837,2026,03,17,06,00,AAXX 17061 33837 32983 23401 10058 20002 30148 40200 53015 80001 333 20042 555 10009 30100=
33837,2026,03,17,09,00,AAXX 17091 33837 42967 00102 10107 20023 30156 40207 51008==
33837,2026,03,17,12,00,AAXX 17121 33837 32572 31302 10102 20013 30152 40204 58004 82101 555 1/031=
33837,2026,03,17,15,00,AAXX 17151 33837 42668 31802 10092 20004 30153 40205 53001 82501==
33837,2026,03,17,18,00,AAXX 17181 33837 32969 02901 10079 20002 30168 40220 53015 333 10114 555 1/005=
33837,2026,03,17,21,00,AAXX 17211 33837 42982 20202 10068 21009 30173 40225 51005 82030 555 1/003=
33837,2026,03,18,00,00,AAXX 18001 33837 32982 23501 10057 20003 30175 40227 52002 80001 555 1/001=
33837,2026,03,18,03,00,AAXX 18031 33837 42981 03502 10038 20000 30177 40230 52002 333 55108==
33837,2026,03,18,06,00,AAXX 18061 33837 32969 30203 10051 20010 30188 40241 53011 80001 333 20035 555 10009 30100=
33837,2026,03,18,09,00,AAXX 18091 33837 42580 50202 10095 20026 30190 40242 51002 82531==
33837,2026,03,18,12,00,AAXX 18121 33837 /1684 70201 10084 20013 30180 40232 58010 72511 86350 333 86637 555 1/015 69901=
33837,2026,03,18,15,00,AAXX 18151 33837 42683 80102 10079 20011 30174 40226 57006 8657/ 333 86642==
33837,2026,03,18,18,00,AAXX 18181 33837 12975 33302 10052 21002 30184 40237 53010 69902 83030 333 10095 555 1/003=
33837,2026,03,18,21,00,AAXX 18211 33837 42567 63402 10047 20001 30179 40232 58005 83530==
33837,2026,03,19,00,00,AAXX 19001 33837 32769 53502 10037 20002 30170 40223 57009 85500 333 85655 555 1/002=
33837,2026,03,19,03,00,AAXX 19031 33837 41456 53302 10026 20003 30158 40211 57012 71022 85500 333 55061 85710==
33837,2026,03,19,06,00,AAXX 19061 33837 31358 83501 10031 20008 30157 40210 56001 71022 8555/ 333 20021 85707 555 10004 30101=
33837,2026,03,19,09,00,AAXX 19091 33837 42566 23502 10080 20014 30146 40198 58011 81101==
33837,2026,03,19,12,00,AAXX 19121 33837 32580 33604 10100 20001 30128 40179 58018 82101 555 1/026=
33837,2026,03,19,15,00,AAXX 19151 33837 42679 73604 10076 20010 30118 40170 58010 86501 333 86640==
33837,2026,03,19,18,00,AAXX 19181 33837 32573 73502 10061 20006 30115 40167 56003 87500 333 10103 87632 555 1/007=
33837,2026,03,19,21,00,AAXX 19211 33837 42572 63402 10046 20004 30107 40159 58008 84501 333 84631==
33837,2026,03,20,00,00,AAXX 20001 33837 32565 63302 10036 21004 30093 40145 58014 85551 333 85630 555 1/001=
33837,2026,03,20,03,00,AAXX 20031 33837 42960 53303 10022 21009 30077 40130 57016 80001 333 55069==
33837,2026,03,20,06,00,AAXX 20061 33837 32462 73604 10030 20002 30078 40130 53001 87600 333 20016 87711 555 10008 30100=
33837,2026,03,20,09,00,AAXX 20091 33837 42475 83606 10072 20013 30068 40120 58010 83601==
33837,2026,03,20,12,00,AAXX 20121 33837 32682 60104 10104 20018 30052 40103 58016 82501 555 1/028=
33837,2026,03,20,15,00,AAXX 20151 33837 42982 80103 10098 20009 30048 40099 56004 80001==
33837,2026,03,20,18,00,AAXX 20181 33837 32984 53603 10078 20005 30063 40115 53015 85030 333 10114 555 1/006=
33837,2026,03,20,21,00,AAXX 20211 33837 42/82 33604 10058 20008 30063 40115 54000 83030==
33837,2026,03,21,00,00,AAXX 21001 33837 32678 73502 10047 20012 30061 40113 58002 87500 333 87633 555 1/005=
33837,2026,03,21,03,00,AAXX 21031 33837 42464 53403 10037 20011 30061 40113 54000 82530 333 55079 82711==
33837,2026,03,21,06,00,AAXX 21061 33837 32460 83502 10053 20027 30072 40124 53011 85531 333 20035 85711 555 10007 30003=
33837,2026,03,21,09,00,AAXX 21091 33837 42463 80305 10080 20040 30085 40137 52013 85355 333 85918==
33837,2026,03,21,12,00,AAXX 21121 33837 /1570 83502 10097 20047 30085 40136 54000 70282 84555 555 1/019 69951=
33837,2026,03,21,15,00,AAXX 21151 33837 42681 70405 10098 20031 30087 40138 53002 86551 333 86648==
33837,2026,03,21,18,00,AAXX 21181 33837 11569 70204 10082 20040 30104 40156 53017 69952 72582 87300 333 10114 555 1/007=
33837,2026,03,21,21,00,AAXX 21211 33837 41481 80204 10083 20030 30111 40163 53007 78082 883//==
33837,2026,03,22,00,00,AAXX 22001 33837 /1472 80104 10073 20034 30114 40166 51003 78082 883// 555 1/006 69901=
33837,2026,03,22,03,00,AAXX 22031 33837 41576 80104 10064 20027 30117 40169 52003 70282 883// 333 55020==
33837,2026,03,22,06,00,AAXX 22061 33837 11464 80104 10058 20026 30127 40179 53010 69902 78082 883// 333 20058 555 11006 31005=
33837,2026,03,22,09,00,AAXX 22091 33837 41666 83602 10071 20026 30126 40178 58001 72582 8557/ 333 85639==
33837,2026,03,22,12,00,AAXX 22121 33837 /1575 80202 10086 20026 30119 40171 58007 70282 8357/ 555 1/011 69901=
33837,2026,03,22,15,00,AAXX 22151 33837 42582 80203 10097 20021 30113 40164 57006 8255/==
33837,2026,03,22,18,00,AAXX 22181 33837 12982 80103 10098 20014 30114 40165 53001 69902 8805/ 333 10108 555 1/007=
33837,2026,03,22,21,00,AAXX 22211 33837 42/83 80203 10081 20010 30116 40168 52002 8805/==
33837,2026,03,23,00,00,AAXX 23001 33837 32982 80202 10069 20016 30115 40167 58001 8805/ 555 1/005=
33837,2026,03,23,03,00,AAXX 23031 33837 42/82 23402 10048 20002 30115 40167 54000 82030 333 55000==
33837,2026,03,23,06,00,AAXX 23061 33837 32972 53603 10065 20006 30122 40174 53007 82031 333 20041 555 10009 30001=
33837,2026,03,23,09,00,AAXX 23091 33837 42/67 50202 10099 20015 30121 40172 58001 82031==
33837,2026,03,23,12,00,AAXX 23121 33837 32981 60504 10100 20024 30109 40160 58012 83031 555 1/020=
33837,2026,03,23,15,00,AAXX 23151 33837 42/84 70902 10113 21002 30103 40154 56006 83031==
33837,2026,03,23,18,00,AAXX 23181 33837 32984 50101 10102 21006 30112 40163 53009 82031 333 10116 555 1/006=
33837,2026,03,23,21,00,AAXX 23211 33837 42/82 83602 10098 21001 30112 40163 54000 8805/==
33837,2026,03,24,00,00,AAXX 24001 33837 32984 83603 10076 21004 30109 40161 58003 86051 555 1/005=
33837,2026,03,24,03,00,AAXX 24031 33837 42/82 53402 10063 21011 30108 40160 57001 82031 333 55098==
33837,2026,03,24,06,00,AAXX 24061 33837 32972 83303 10059 21006 30110 40162 53002 83039 333 20056 555 10007 30002=
33837,2026,03,24,09,00,AAXX 24091 33837 42983 83503 10124 20011 30109 40160 58001 80004==
33837,2026,03,24,12,00,AAXX 24121 33837 32978 60502 10129 20006 30095 40146 58014 80001 555 1/034=
33837,2026,03,24,15,00,AAXX 24151 33837 42983 60103 10135 21017 30086 40137 56009 80001==
33837,2026,03,24,18,00,AAXX 24181 33837 32984 50102 10105 21012 30093 40144 53007 80001 333 10155 555 1/008=
33837,2026,03,24,21,00,AAXX 24211 33837 42984 03503 10080 21012 30094 40146 51001==
33837,2026,03,25,00,00,AAXX 25001 33837 32984 03301 10062 21010 30088 40140 58006 555 1/003=
33837,2026,03,25,03,00,AAXX 25031 33837 42983 03002 10044 21020 30078 40130 57010 333 55091==
33837,2026,03,25,06,00,AAXX 25061 33837 32681 73302 10062 21019 30075 40127 56003 82531 333 20039 555 10008 30002=
33837,2026,03,25,09,00,AAXX 25091 33837 42683 80202 10096 20013 30069 40120 57006 83531 333 83640==
33837,2026,03,25,12,00,AAXX 25121 33837 32680 70502 10121 21007 30045 40096 58024 82531 555 1/027=
33837,2026,03,25,15,00,AAXX 25151 33837 42/82 70000 10121 21001 30031 40082 56014 85031==
33837,2026,03,25,18,00,AAXX 25181 33837 32984 80000 10101 20007 30029 40080 56002 86031 333 10130 555 1/010=
33837,2026,03,25,21,00,AAXX 25211 33837 42/82 80000 10100 20011 30024 40075 57005 86031==
33837,2026,03,26,00,00,AAXX 26001 33837 32974 80000 10090 20017 30020 40071 57004 8805/ 555 1/008=
33837,2026,03,26,03,00,AAXX 26031 33837 42/64 83601 10073 20039 30018 40069 57002 8805/ 333 55035==
33837,2026,03,26,06,00,AAXX 26061 33837 32964 70201 10086 20053 30024 40075 53006 86031 333 20069 555 10015=
33837,2026,03,26,09,00,AAXX 26091 33837 42/69 20901 10087 20051 30028 40079 52004 81031==
33837,2026,03,26,12,00,AAXX 26121 33837 32961 01302 10091 20062 30022 40073 58006 555 1/034=
33837,2026,03,26,15,00,AAXX 26151 33837 42967 21802 10092 20036 30021 40072 56001 80001==
33837,2026,03,26,18,00,AAXX 26181 33837 32973 02501 10079 20026 30024 40075 53003 333 10105 555 1/007=
33837,2026,03,26,21,00,AAXX 26211 33837 42960 20000 10059 20036 30025 40077 52001 80001==
33837,2026,03,27,00,00,AAXX 27001 33837 31958 02801 10051 20034 30027 40079 52002 71000 555 1/003=
33837,2026,03,27,03,00,AAXX 27031 33837 41959 20000 10051 20033 30029 40081 52002 71000 81031 333 55100 555 1/002=
33837,2026,03,27,06,00,AAXX 27061 33837 32962 03601 10089 20045 30041 40092 53012 333 20045 555 10014 30002=
33837,2026,03,27,09,00,AAXX 27091 33837 42961 20902 10103 20049 30046 40097 51005 80001==
33837,2026,03,27,12,00,AAXX 27121 33837 32661 21402 10114 20055 30039 40090 58007 82100 555 1/035=
33837,2026,03,27,15,00,AAXX 27151 33837 42964 22102 10125 20065 30039 40089 54000 80001==
33837,2026,03,27,18,00,AAXX 27181 33837 32961 22502 10100 20062 30048 40099 53009 82030 333 10129 555 1/008=
33837,2026,03,27,21,00,AAXX 27211 33837 41957 00000 10086 20062 30048 40099 54000 71000==
33837,2026,03,28,00,00,AAXX 28001 33837 32961 33302 10094 20059 30045 40096 58003 80001 555 1/006=
33837,2026,03,28,03,00,AAXX 28031 33837 42964 23501 10085 20049 30046 40097 53001 80001 333 55117==
33837,2026,03,28,06,00,AAXX 28061 33837 32963 33601 10107 20063 30045 40096 58001 80001 333 20078 555 10015 30004=
33837,2026,03,28,09,00,AAXX 28091 33837 42/61 31301 10102 20067 30043 40094 57002 82031==
33837,2026,03,28,12,00,AAXX 28121 33837 31112 51201 10096 20075 30027 40078 58016 71011 83631 333 83702 555 1/036=
33837,2026,03,28,15,00,AAXX 28151 33837 42/75 82002 10108 20073 30017 40068 56010 86031==
33837,2026,03,28,18,00,AAXX 28181 33837 32967 83202 10100 20050 30018 40069 53001 86051 333 10120 555 1/011=
33837,2026,03,28,21,00,AAXX 28211 33837 42567 80000 10090 20057 30022 40073 52004 8553/ 333 85624==
33837,2026,03,29,00,00,AAXX 29001 33837 32569 83501 10080 20066 30007 40058 58015 8553/ 333 85625 555 1/009=
33837,2026,03,29,03,00,AAXX 29031 33837 41341 80303 10085 20074 30001 40052 56006 78082 8635/ 333 55095==
33837,2026,03,29,06,00,AAXX 29061 33837 11966 80102 10086 20066 30003 40054 53002 69942 70282 8807/ 333 20080 555 11010=
33837,2026,03,29,09,00,AAXX 29091 33837 42/75 80102 10131 20069 39999 40049 58004 82034==
33837,2026,03,29,12,00,AAXX 29121 33837 32575 70403 10143 20085 39990 40040 58009 82131 555 1/023=
33837,2026,03,29,15,00,AAXX 29151 33837 42576 60303 10166 20067 39982 40031 57008 82530 555 1/017=
33837,2026,03,29,18,00,AAXX 29181 33837 32581 83603 10155 20062 39989 40039 53007 8255/ 333 10176 555 1/013=
33837,2026,03,29,21,00,AAXX 29211 33837 41581 80204 10135 20061 39997 40047 52008 72522 8535/==
33837,2026,03,30,00,00,AAXX 30001 33837 /1461 83103 10111 20078 39986 40036 58011 78082 883// 555 1/010 69971=
33837,2026,03,30,03,00,AAXX 30031 33837 41566 83203 10112 20069 39971 40021 57015 78088 8535/ 333 55015==
33837,2026,03,30,06,00,AAXX 30061 33837 11450 83303 10091 20071 39972 40023 53001 60032 78088 883// 333 20090 555 11009=
33837,2026,03,30,09,00,AAXX 30091 33837 41464 83204 10098 20077 39959 40010 58013 72582 8635/ 333 86911==
33837,2026,03,30,12,00,AAXX 30121 33837 /1467 83305 10121 20082 39952 40002 56007 70282 8655/ 333 86619 555 1/014 60021=
33837,2026,03,30,15,00,AAXX 30151 33837 41440 83402 10120 20101 39949 49999 57003 78082 883//==
33837,2026,03,30,18,00,AAXX 30181 33837 11/17 90000 10105 20105 39961 40011 53012 60062 76186 333 10126 96043 555 1/010=
33837,2026,03,30,21,00,AAXX 30211 33837 41/02 90901 10093 20093 39963 40014 51002 76164 89///==
33837,2026,03,31,00,00,AAXX 31001 33837 /1/03 91501 10087 20087 39962 40013 58001 74564 555 1/009 69941=
33837,2026,03,31,03,00,AAXX 31031 33837 41/01 90000 10087 20087 39967 40018 53005 74544 89/// 333 55001==
33837,2026,03,31,06,00,AAXX 31061 33837 11316 80000 10088 20082 39978 40029 53011 60012 76164 8872/ 333 20086 96028 555 11010=
33837,2026,03,31,09,00,AAXX 31091 33837 41350 81702 10091 20085 39989 40040 52011 76166 8872/==
33837,2026,03,31,12,00,AAXX 31121 33837 /1343 81901 10094 20088 39997 40048 52008 76166 8872/ 555 1/012 60041=
33837,2026,03,31,15,00,AAXX 31151 33837 41317 82701 10101 20095 30004 40055 52007 76166 8872/==
33837,2026,03,31,18,00,AAXX 31181 33837 11221 82801 10099 20091 30018 40069 53014 60052 72162 885// 333 10108 88705 555 1/010=
33837,2026,03,31,21,00,AAXX 31211 33837 41227 82601 10092 20084 30026 40077 51008 71082 885// 333 88705 555 1/009=
33837,2026,04,01,00,00,AAXX 01001 33837 /1327 82702 10091 20083 30031 40082 52005 76186 8872/ 555 1/009 69941=
33837,2026,04,01,03,00,AAXX 01031 33837 41239 82701 10093 20084 30037 40088 52006 71062 886// 333 55000 88705==
33837,2026,04,01,06,00,AAXX 01061 33837 11256 82901 10098 20086 30052 40103 53015 69972 71062 885// 333 20091 88705 555 11012=
33837,2026,04,01,09,00,AAXX 01091 33837 41257 82801 10104 20087 30066 40117 52014 71022 886// 333 88706==
33837,2026,04,01,12,00,AAXX 01121 33837 31257 82802 10106 20087 30065 40116 58001 71022 886// 333 88705 555 1/013=
33837,2026,04,01,15,00,AAXX 01151 33837 42462 72703 10120 20092 30060 40111 57005 87500 333 87714==
33837,2026,04,01,18,00,AAXX 01181 33837 32569 62903 10101 20079 30068 40119 53008 85530 333 10121 85720 555 1/008=
33837,2026,04,01,21,00,AAXX 01211 33837 42566 33003 10092 20072 30052 40103 58016 82530==
33837,2026,04,02,00,00,AAXX 02001 33837 31550 82903 10084 20070 30041 40092 56011 71011 8255/ 555 1/006=
33837,2026,04,02,03,00,AAXX 02031 33837 41/50 83201 10084 20070 30025 40076 58016 71022 82034 333 55000==
33837,2026,04,02,06,00,AAXX 02061 33837 31114 80401 10083 20072 30017 40068 56008 71022 886// 333 20081 88702 555 11010=
33837,2026,04,02,09,00,AAXX 02091 33837 41/02 91103 10081 20081 30016 40067 56001 74542 89///==
33837,2026,04,02,12,00,AAXX 02121 33837 31118 80403 10085 20079 30003 40054 58013 72842 886// 333 88702 555 1/014=
33837,2026,04,02,15,00,AAXX 02151 33837 42/62 80402 10115 20087 39987 40037 57016 86055==
33837,2026,04,02,18,00,AAXX 02181 33837 11463 80000 10123 20088 39995 40045 53008 69902 78082 883// 333 10130 555 1/010=
33837,2026,04,02,21,00,AAXX 02211 33837 41456 80201 10111 20097 39992 40042 58003 78082 883//==
33837,2026,04,03,00,00,AAXX 03001 33837 /1359 80703 10097 20083 39987 40038 57005 78082 8635/ 555 1/009 69941=
33837,2026,04,03,03,00,AAXX 03031 33837 41457 80403 10094 20082 39983 40034 57004 71082 86651 333 55000 86710==
33837,2026,04,03,06,00,AAXX 03061 33837 11456 80102 10098 20086 39994 40045 53011 69972 78082 8635/ 333 20094 555 11011=
33837,2026,04,03,09,00,AAXX 03091 33837 41462 80303 10125 20100 30005 40055 52011 70282 8557/ 333 85711==
33837,2026,04,03,12,00,AAXX 03121 33837 /1583 80402 10131 20099 30006 40056 51001 70282 8555/ 333 85626 555 1/023 69901=
33837,2026,04,03,15,00,AAXX 03151 33837 42584 81101 10134 20093 30009 40059 52003 8555/ 333 85630==
33837,2026,04,03,18,00,AAXX 03181 33837 12682 62801 10119 20091 30020 40070 53011 69902 84530 333 10139 84635 555 1/010=
33837,2026,04,03,21,00,AAXX 03211 33837 42/73 62801 10116 20093 30026 40077 52006 86030==
33837,2026,04,04,00,00,AAXX 04001 33837 32984 63002 10117 20084 30028 40079 52002 86030 555 1/009=
33837,2026,04,04,03,00,AAXX 04031 33837 42/68 53101 10110 20082 30037 40088 53009 85030 333 55014==
33837,2026,04,04,06,00,AAXX 04061 33837 32568 73102 10113 20082 30051 40102 53014 83551 333 20102 555 10013=
33837,2026,04,04,09,00,AAXX 04091 33837 42580 53303 10174 20083 30059 40109 52008 81131==
33837,2026,04,04,12,00,AAXX 04121 33837 32581 63405 10190 20036 30063 40112 52004 84851 555 1/025=
33837,2026,04,04,15,00,AAXX 04151 33837 42584 53301 10179 20014 30066 40116 52003 82551==
33837,2026,04,04,18,00,AAXX 04181 33837 32984 23003 10143 20002 30085 40135 53019 80001 333 10200 555 1/009=
33837,2026,04,04,21,00,AAXX 04211 33837 42984 22903 10123 21012 30101 40152 52016 80001==
33837,2026,04,05,00,00,AAXX 05001 33837 32983 03003 10105 21006 30111 40162 51010 555 1/005=
33837,2026,04,05,03,00,AAXX 05031 33837 42/83 22702 10084 20001 30119 40171 52008 81031 333 55083==
33837,2026,04,05,06,00,AAXX 05061 33837 32972 02903 10132 20021 30129 40180 52010 333 20082 555 10019 30004=
33837,2026,04,05,09,00,AAXX 05091 33837 42580 33202 10171 20048 30143 40193 52014 82101==
33837,2026,04,05,12,00,AAXX 05121 33837 32584 53302 10185 20015 30139 40189 58004 82101 555 1/037=
33837,2026,04,05,15,00,AAXX 05151 33837 42570 32803 10184 20010 30134 40184 57005 82501==
33837,2026,04,05,18,00,AAXX 05181 33837 32983 20000 10148 20024 30142 40193 53008 80001 333 10197 555 1/010=
33837,2026,04,05,21,00,AAXX 05211 33837 42984 02701 10124 20028 30146 40197 52004==
33837,2026,04,06,00,00,AAXX 06001 33837 32983 02601 10111 20039 30146 40197 54000 555 1/006=
33837,2026,04,06,03,00,AAXX 06031 33837 42972 00000 10099 20036 30139 40190 58007 333 55117==
33837,2026,04,06,06,00,AAXX 06061 33837 32973 01901 10160 20059 30129 40179 57010 333 20092 555 10021 30004=
33837,2026,04,06,09,00,AAXX 06091 33837 42976 01804 10144 20090 30118 40168 57011==
33837,2026,04,06,12,00,AAXX 06121 33837 32581 31704 10163 20090 30094 40144 58024 82101 555 1/035=
33837,2026,04,06,15,00,AAXX 06151 33837 42571 82002 10177 20083 30070 40120 57024 82404==
33837,2026,04,06,18,00,AAXX 06181 33837 11584 83207 10127 20061 30106 40157 53036 69902 70281 85461 333 10200 85626 555 1/014=
33837,2026,04,06,21,00,AAXX 06211 33837 41/84 83105 10103 21008 30115 40166 51009 70282 8805/==
33837,2026,04,07,00,00,AAXX 07001 33837 /1584 82701 10080 20005 30117 40169 51002 72582 8335/ 555 1/008 69911=
33837,2026,04,07,03,00,AAXX 07031 33837 42584 62801 10070 20004 30108 40160 58009 82531 333 55110==
33837,2026,04,07,06,00,AAXX 07061 33837 12984 03002 10091 20000 30103 40154 57005 69912 333 20064 555 10015=
33837,2026,04,07,09,00,AAXX 07091 33837 42682 73006 10123 21043 30085 40136 58018 87800 333 87843==
33837,2026,04,07,12,00,AAXX 07121 33837 /1583 83005 10109 21029 30075 40126 56010 72581 8435/ 555 1/020 69901=
33837,2026,04,07,15,00,AAXX 07151 33837 41584 82905 10086 20024 30068 40119 57007 78082 85364==
33837,2026,04,07,18,00,AAXX 07181 33837 11984 52802 10075 20000 30074 40126 53006 69942 70282 85030 333 10142 555 1/006=
33837,2026,04,07,21,00,AAXX 07211 33837 42/84 22703 10056 20004 30064 40116 58010 82030==
33837,2026,04,08,00,00,AAXX 08001 33837 32984 22801 10057 21001 30057 40109 57007 82030 555 1/004=
33837,2026,04,08,03,00,AAXX 08031 33837 42/84 23103 10061 21002 30055 40107 57002 82030 333 55077==
33837,2026,04,08,06,00,AAXX 08061 33837 32584 63102 10070 20011 30053 40105 57002 83501 333 20054 83720 555 10011 30003=
33837,2026,04,08,09,00,AAXX 08091 33837 41584 63002 10095 20014 30056 40107 53003 72582 85351 555 1/021=
33837,2026,04,08,12,00,AAXX 08121 33837 /1584 83106 10069 20022 30059 40111 52003 79698 883// 333 93203 555 1/012 60011=
33837,2026,04,08,15,00,AAXX 08151 33837 41584 63003 10078 20010 30058 40109 58001 70282 82851==
33837,2026,04,08,18,00,AAXX 08181 33837 11584 52902 10047 20021 30074 40126 53016 60042 70282 82551 333 10111 91800 555 1/004=
33837,2026,04,08,21,00,AAXX 08211 33837 42584 52902 10048 20013 30070 40122 58004 82531==
33837,2026,04,09,00,00,AAXX 09001 33837 32983 32902 10037 20011 30065 40117 57005 80001 555 1/002=
33837,2026,04,09,03,00,AAXX 09031 33837 42584 83002 10043 20015 30063 40115 57002 8555/ 333 55071 85627==
33837,2026,04,09,06,00,AAXX 09061 33837 11474 83103 10052 20024 30063 40115 54000 69902 72581 86355 333 20036 86912 555 11009 31002=
33837,2026,04,09,09,00,AAXX 09091 33837 41484 63101 10067 20030 30068 40120 53005 72582 86301 333 86918==
33837,2026,04,09,12,00,AAXX 09121 33837 /1584 60202 10087 20025 30069 40120 51001 70282 84851 333 84821 555 1/018 69931=
33837,2026,04,09,15,00,AAXX 09151 33837 42584 63502 10081 20008 30074 40125 52005 83855 333 83833==
33837,2026,04,09,18,00,AAXX 09181 33837 12684 63002 10063 20012 30090 40142 53016 69932 85551 333 10096 85637 555 1/005=
33837,2026,04,09,21,00,AAXX 09211 33837 42684 63201 10055 20020 30093 40145 51003 84551 333 84634==
33837,2026,04,10,00,00,AAXX 10001 33837 32982 03202 10042 20014 30095 40147 52002 555 1/002=
33837,2026,04,10,03,00,AAXX 10031 33837 42678 63003 10034 20008 30096 40148 52001 85501 333 55056 85641==
33837,2026,04,10,06,00,AAXX 10061 33837 32975 23302 10060 20009 30105 40157 53009 82030 333 20030 555 10012 30002=
33837,2026,04,10,09,00,AAXX 10091 33837 42584 60103 10091 20015 30110 40161 52005 86200 333 86831==
33837,2026,04,10,12,00,AAXX 10121 33837 32684 63204 10102 21038 30109 40160 58001 86200 333 86844 555 1/027=
33837,2026,04,10,15,00,AAXX 10151 33837 42684 72902 10101 21032 30110 40161 53001 86550 333 86647==
33837,2026,04,10,18,00,AAXX 10181 33837 32984 53102 10074 21044 30127 40179 53017 85030 333 10118 555 1/005=
33837,2026,04,10,21,00,AAXX 10211 33837 42/84 22901 10048 21035 30132 40184 51005 82030==
33837,2026,04,11,00,00,AAXX 11001 33837 32984 00000 10030 21023 30134 40187 52002 555 1/000=
33837,2026,04,11,03,00,AAXX 11031 33837 42681 50000 10024 21019 30135 40188 52001 85500 333 55093 85643==
33837,2026,04,11,06,00,AAXX 11061 33837 32981 82901 10076 21039 30142 40194 53007 86031 333 20023 555 10014 30101=
33837,2026,04,11,09,00,AAXX 11091 33837 42684 81303 10075 21017 30147 40199 52005 85531 333 85647==
33837,2026,04,11,12,00,AAXX 11121 33837 32683 81803 10080 21007 30146 40198 58001 83561 555 1/017=
33837,2026,04,11,15,00,AAXX 11151 33837 42683 61803 10081 20010 30143 40195 57003 82531==
33837,2026,04,11,18,00,AAXX 11181 33837 32984 72201 10073 20016 30150 40202 53007 85031 333 10091 555 1/006=
33837,2026,04,11,21,00,AAXX 11211 33837 42/84 62101 10076 20033 30152 40204 51002 86030==
33837,2026,04,12,00,00,AAXX 12001 33837 32984 82301 10075 20026 30149 40201 58003 8805/ 555 1/006=
33837,2026,04,12,03,00,AAXX 12031 33837 42/83 82201 10071 20033 30149 40201 54000 8805/ 333 55090==
33837,2026,04,12,06,00,AAXX 12061 33837 32584 80000 10080 20037 30164 40216 53015 8555/ 333 20071 85620 555 10012=
33837,2026,04,12,09,00,AAXX 12091 33837 41566 80402 10075 20045 30169 40221 51005 78082 8635/==
33837,2026,04,12,12,00,AAXX 12121 33837 /1450 82101 10046 20026 30173 40226 52004 79298 883// 555 1/006 60161=
33837,2026,04,12,15,00,AAXX 12151 33837 41584 62301 10088 20032 30161 40213 58012 70282 82531==
33837,2026,04,12,18,00,AAXX 12181 33837 11984 82201 10074 20036 30169 40221 53008 60172 70282 86054 333 10097 555 1/006=
33837,2026,04,12,21,00,AAXX 12211 33837 42981 83501 10062 20028 30174 40226 52005 8805/ 555 1/005=
